Golden_18 RA KMEANS

energy,arcs,distance,time(ms)
131757.68455471206,[[0,259,260,247,265,264,205,187,200,127,0],[0,224,283,284,250,289,288,190,229,130,0],[0,221,280,281,249,276,275,189,216,129,0],[0,198,253,241,294,195,234,181,135,121,138,193,0],[0,0,91,202,92,151,152,153,68,88,87,93,8,0],[0,296,297,251,292,291,232,191,237,131,0],[0,208,267,268,248,273,188,272,213,128,0],[0,239,298,246,293,238,119,178,233,186,166,115,55,0],[0,140,139,258,145,67,85,144,7,80,79,20,0],[0,164,169,228,227,168,109,70,104,10,49,108,0],[0,29,89,94,35,34,149,123,142,63,3,0],[0,197,256,257,252,300,299,192,240,132,0],[0,0,220,161,156,69,96,155,214,154,95,9,36,0],[0,235,176,286,236,177,71,11,116,112,175,226,0],[0,0,204,203,194,143,83,23,24,74,122,134,84,25,19,0],[0,255,282,223,163,103,44,43,157,42,97,37,90,4,0],[0,196,102,217,124,162,222,277,279,41,39,30,64,99,0],[0,17,77,76,136,137,180,72,179,120,12,60,0],[0,0,53,58,118,113,59,173,126,66,46,6,0],[0,262,212,271,211,243,274,215,269,209,183,32,0],[0,148,207,266,206,147,261,242,263,254,182,201,146,0],[0,0,199,295,172,285,245,290,231,230,171,117,111,225,170,0],[0,78,174,133,61,75,16,15,73,18,114,54,13,1,0],[0,159,100,101,160,219,270,244,184,210,150,40,0],[0,0,82,28,27,33,31,26,21,81,86,141,62,2,14,0],[0,106,57,56,52,51,105,45,50,110,165,65,5,0],[0,0,22,287,278,218,167,158,48,98,107,125,185,47,38,0]],inf,19.609331607818604
132151.30599037703,[[0,259,260,247,265,264,205,187,200,127,0],[0,283,284,250,289,288,229,190,224,130,0],[0,280,281,249,276,275,216,189,221,129,0],[0,198,253,241,294,195,234,181,135,121,138,193,0],[0,0,91,151,152,202,92,88,87,153,68,8,93,0],[0,237,296,297,251,292,191,291,232,131,0],[0,267,208,272,273,248,268,188,213,128,0],[0,298,239,233,178,119,238,293,246,186,166,115,55,0],[0,139,258,140,145,67,85,144,7,80,79,20,0],[0,164,169,228,227,168,109,70,104,10,49,108,0],[0,29,89,94,34,35,149,123,142,63,3,0],[0,197,256,299,300,252,257,192,240,132,0],[0,220,161,156,69,96,155,214,154,95,36,9,0],[0,0,226,235,176,71,177,236,286,175,116,112,11,0],[0,19,25,84,143,194,203,204,134,122,83,24,74,23,0],[0,255,282,223,163,103,157,43,44,42,97,37,90,4,0],[0,196,41,99,124,102,217,222,277,279,162,64,39,30,0],[0,17,77,76,136,137,180,72,179,120,12,60,0],[0,53,58,173,113,59,118,126,66,6,46,0],[0,262,212,271,211,243,269,274,215,209,183,32,0],[0,266,261,147,148,207,206,242,263,254,182,201,146,0],[0,0,199,295,172,231,290,230,245,285,171,225,111,117,170,0],[0,78,174,133,61,75,16,15,73,18,114,13,1,54,0],[0,101,100,159,160,219,270,244,184,210,150,40,0],[0,0,31,33,82,28,27,86,81,21,26,62,141,2,14,0],[0,106,57,56,52,51,105,110,165,65,50,5,45,0],[0,0,22,158,167,218,185,278,287,125,47,48,107,98,38,0]],inf,19.5139479637146
131365.85607672797,[[0,259,260,247,265,264,205,187,200,127,0],[0,224,283,284,250,289,288,190,229,130,0],[0,280,281,249,276,275,216,189,221,129,0],[0,135,193,198,253,241,294,195,234,181,138,121,0],[0,91,151,92,202,152,153,68,88,87,93,8,0],[0,237,296,191,297,251,292,291,232,131,0],[0,213,272,273,268,248,188,267,208,128,0],[0,119,178,233,293,238,239,298,246,186,166,115,55,0],[0,0,258,140,139,79,80,85,144,67,145,7,20,0],[0,164,169,228,227,168,109,70,104,10,49,108,0],[0,29,89,149,35,34,94,123,142,63,3,0],[0,256,257,252,300,299,240,192,197,132,0],[0,0,220,161,156,69,96,155,214,154,95,9,36,0],[0,286,176,235,236,177,71,112,116,11,226,175,0],[0,204,203,194,143,84,25,19,24,134,122,83,74,23,0],[0,255,43,44,103,163,223,282,157,42,90,4,97,37,0],[0,0,196,222,277,279,162,124,217,102,64,99,41,39,30,0],[0,17,77,76,136,137,180,72,179,120,12,60,0],[0,0,53,113,173,58,59,118,126,66,6,46,0],[0,211,271,212,262,243,274,215,269,209,183,32,0],[0,261,266,207,148,147,206,242,263,254,182,201,146,0],[0,0,199,295,285,171,230,245,290,231,172,117,111,170,225,0],[0,18,133,174,16,75,78,61,114,15,73,1,54,13,0],[0,101,100,160,219,270,244,210,184,159,150,40,0],[0,0,31,33,27,28,82,26,141,86,81,62,14,2,21,0],[0,52,106,56,57,51,105,110,165,65,50,5,45,0],[0,0,22,167,218,185,278,287,125,158,48,47,107,98,38,0]],inf,19.515929222106934
131973.5798131058,[[0,259,260,247,265,264,205,187,200,127,0],[0,284,250,289,288,229,190,283,224,130,0],[0,281,249,276,275,216,189,280,221,129,0],[0,198,253,241,294,195,135,181,234,121,193,138,0],[0,0,91,202,92,151,152,153,68,88,87,93,8,0],[0,237,296,297,251,292,191,291,232,131,0],[0,272,213,188,268,248,273,267,208,128,0],[0,238,293,246,298,239,119,178,233,186,166,115,55,0],[0,258,139,140,145,67,85,144,7,80,79,20,0],[0,0,228,227,168,109,70,169,164,104,10,108,49,0],[0,29,89,94,34,35,149,123,142,63,3,0],[0,256,257,252,300,299,240,192,197,132,0],[0,220,161,156,69,96,155,214,154,95,36,9,0],[0,286,176,235,236,177,71,112,116,11,226,175,0],[0,204,203,194,143,84,25,19,83,24,134,122,23,74,0],[0,255,282,223,163,103,43,44,157,42,90,37,97,4,0],[0,0,196,30,102,217,222,277,279,41,64,99,124,162,39,0],[0,17,77,76,136,137,180,72,179,120,12,60,0],[0,0,53,113,118,58,59,173,126,66,6,46,0],[0,262,212,271,211,243,274,215,269,209,183,32,0],[0,254,263,242,261,266,207,148,147,206,182,201,146,0],[0,199,295,111,117,230,171,172,231,290,245,285,170,225,0],[0,133,75,16,174,78,18,73,61,114,15,54,13,1,0],[0,210,100,101,160,219,270,244,184,159,150,40,0],[0,31,28,82,33,27,86,81,21,62,141,26,2,14,0],[0,0,106,52,56,57,51,110,165,65,105,45,50,5,0],[0,0,22,287,278,167,218,185,107,98,48,158,125,47,38,0]],inf,19.577808380126953
130182.12195886252,[[0,259,260,247,265,264,205,187,200,127,0],[0,283,284,250,289,288,229,190,224,130,0],[0,280,281,249,276,275,216,189,221,129,0],[0,193,198,253,241,294,195,135,181,138,234,121,0],[0,151,92,91,202,152,153,68,88,87,8,93,0],[0,296,237,232,291,292,297,251,191,131,0],[0,267,213,272,273,248,268,188,208,128,0],[0,238,293,246,298,239,119,178,233,186,166,115,55,0],[0,258,139,140,145,67,85,144,7,80,79,20,0],[0,164,169,228,227,168,109,70,104,10,49,108,0],[0,0,29,34,94,89,35,149,123,142,63,3,0],[0,256,257,252,300,299,240,192,197,132,0],[0,220,161,156,69,96,155,214,154,95,9,36,0],[0,286,176,235,236,177,71,112,116,11,175,226,0],[0,0,204,203,194,143,84,25,19,24,134,122,83,23,74,0],[0,255,282,223,163,103,157,43,44,42,90,37,97,4,0],[0,196,279,222,277,217,124,162,102,64,99,41,39,30,0],[0,17,77,76,136,137,180,72,179,120,12,60,0],[0,0,53,113,173,58,59,118,126,66,46,6,0],[0,211,212,271,262,243,269,274,215,209,183,32,0],[0,263,254,266,261,147,148,207,206,242,182,146,201,0],[0,199,295,172,231,171,230,245,290,285,117,111,225,170,0],[0,0,78,174,16,75,133,18,114,61,73,15,54,13,1,0],[0,0,159,100,101,160,219,270,244,184,210,150,40,0],[0,82,33,31,28,27,86,141,62,81,21,26,2,14,0],[0,0,52,56,106,57,51,110,50,165,65,105,45,5,0],[0,0,22,278,287,185,218,167,107,48,98,158,125,47,38,0]],inf,19.507835626602173
131733.73376230092,[[0,259,260,247,265,264,205,187,200,127,0],[0,283,284,250,289,288,229,190,224,130,0],[0,216,275,276,249,281,189,280,221,129,0],[0,195,294,241,253,198,193,121,138,181,135,234,0],[0,202,92,91,151,152,153,68,8,87,93,88,0],[0,237,296,191,297,251,292,291,232,131,0],[0,208,267,268,273,248,188,272,213,128,0],[0,239,298,246,293,238,119,178,233,186,166,115,55,0],[0,0,258,139,140,67,145,144,85,7,80,79,20,0],[0,0,227,228,169,164,70,109,168,108,49,10,104,0],[0,29,89,149,35,34,94,123,142,63,3,0],[0,299,300,252,257,256,197,192,240,132,0],[0,0,220,161,156,69,96,155,214,154,95,9,36,0],[0,0,175,116,226,286,176,235,236,177,71,11,112,0],[0,19,203,204,25,84,143,194,134,122,83,24,74,23,0],[0,255,157,43,44,103,163,223,282,90,42,97,37,4,0],[0,196,279,41,39,64,102,162,222,277,217,124,99,30,0],[0,0,17,77,76,136,137,180,72,179,120,12,60,0],[0,53,58,59,173,113,118,126,66,46,6,0],[0,211,212,271,262,243,269,274,215,209,183,32,0],[0,266,206,147,148,207,261,242,263,254,182,146,201,0],[0,0,199,295,231,172,171,230,245,290,285,117,111,225,170,0],[0,78,174,133,75,16,15,73,61,114,18,13,54,1,0],[0,159,100,101,160,219,270,244,184,210,150,40,0],[0,31,33,82,28,27,86,81,2,26,62,141,21,14,0],[0,106,57,56,52,51,110,50,165,65,105,5,45,0],[0,0,22,158,47,107,287,278,185,218,167,125,48,98,38,0]],inf,19.49117875099182
133243.9028993534,[[0,205,187,264,265,247,260,259,200,127,0],[0,283,284,250,289,288,229,190,224,130,0],[0,275,276,281,249,280,221,189,216,129,0],[0,193,198,253,241,294,195,181,138,121,234,135,0],[0,91,151,68,153,152,202,92,93,87,8,88,0],[0,251,297,292,291,232,296,191,237,131,0],[0,213,208,267,273,248,268,188,272,128,0],[0,239,298,246,293,238,119,178,233,186,166,115,55,0],[0,139,258,140,145,144,85,67,7,80,79,20,0],[0,104,164,70,169,228,227,168,109,10,49,108,0],[0,29,34,35,149,89,94,123,142,63,3,0],[0,256,257,252,300,299,240,192,197,132,0],[0,0,220,161,156,69,96,155,214,154,95,9,36,0],[0,116,175,235,226,176,286,236,177,71,11,112,0],[0,194,203,204,19,25,84,83,143,134,122,74,24,23,0],[0,255,223,282,103,163,43,44,157,90,4,97,42,37,0],[0,0,196,30,41,99,124,217,222,277,279,162,102,64,39,0],[0,17,77,76,136,137,180,72,179,120,12,60,0],[0,0,53,58,173,113,59,118,126,66,46,6,0],[0,274,215,262,271,212,211,243,269,209,183,32,0],[0,148,207,266,261,147,206,242,263,254,182,201,146,0],[0,199,295,172,231,285,245,290,230,171,117,111,225,170,0],[0,75,133,174,16,15,114,78,61,73,18,13,1,54,0],[0,159,100,101,160,219,270,244,184,210,150,40,0],[0,0,82,28,31,33,27,86,81,62,141,26,21,14,2,0],[0,110,165,57,56,106,52,51,50,65,105,5,45,0],[0,22,167,185,218,278,287,125,107,47,48,158,98,38,0]],inf,19.566113710403442
132979.45657523852,[[0,259,260,247,265,264,205,187,200,127,0],[0,283,284,250,289,288,229,190,224,130,0],[0,280,281,249,276,275,216,189,221,129,0],[0,234,198,253,241,294,195,181,135,121,193,138,0],[0,91,88,87,93,92,8,68,153,152,151,202,0],[0,237,296,191,251,297,292,291,232,131,0],[0,208,267,248,273,268,188,272,213,128,0],[0,239,298,246,293,238,119,178,233,186,166,115,55,0],[0,258,139,140,145,144,67,85,7,80,79,20,0],[0,169,228,227,168,109,70,164,104,10,49,108,0],[0,0,29,34,35,94,89,149,123,142,63,3,0],[0,256,257,300,252,299,240,192,197,132,0],[0,220,161,156,69,96,155,214,154,95,36,9,0],[0,235,176,286,236,177,71,11,116,112,226,175,0],[0,0,19,25,84,143,194,203,204,134,24,83,122,74,23,0],[0,255,44,43,157,103,163,282,223,90,42,97,4,37,0],[0,0,196,217,222,277,279,41,64,99,124,162,102,39,30,0],[0,17,77,76,136,137,180,72,120,179,12,60,0],[0,0,53,113,173,58,59,118,126,66,6,46,0],[0,211,212,271,262,243,274,215,269,209,183,32,0],[0,206,266,207,148,147,261,242,263,254,182,201,146,0],[0,199,295,172,231,117,111,171,230,245,290,285,170,225,0],[0,133,174,16,75,78,18,15,114,61,73,13,1,54,0],[0,101,100,210,160,219,270,244,184,159,150,40,0],[0,31,33,82,28,27,81,86,141,62,21,26,2,14,0],[0,106,52,56,57,51,110,105,65,165,50,5,45,0],[0,0,22,287,278,218,185,167,107,48,158,98,38,47,125,0]],inf,19.53580117225647
133249.6852758191,[[0,260,247,265,264,205,187,259,200,127,0],[0,283,229,288,289,250,284,190,224,130,0],[0,280,281,249,276,275,216,189,221,129,0],[0,0,234,138,198,253,241,294,195,135,193,181,121,0],[0,151,91,202,93,68,153,152,88,92,8,87,0],[0,296,237,191,297,251,292,291,232,131,0],[0,213,272,188,273,248,268,267,208,128,0],[0,119,178,233,293,238,239,298,246,186,166,115,55,0],[0,258,140,139,145,67,85,144,7,80,79,20,0],[0,164,169,228,227,168,109,70,104,10,49,108,0],[0,0,29,34,94,35,89,149,123,142,63,3,0],[0,252,257,300,299,240,192,256,197,132,0],[0,220,161,156,69,96,155,214,154,95,9,36,0],[0,0,235,176,286,236,177,71,112,116,11,175,226,0],[0,204,203,194,143,84,25,19,83,122,134,24,23,74,0],[0,255,103,163,223,282,157,43,44,97,42,90,37,4,0],[0,0,196,279,217,277,222,162,124,102,64,39,30,99,41,0],[0,17,77,76,136,137,180,72,179,120,12,60,0],[0,0,53,113,173,58,59,118,126,66,46,6,0],[0,211,212,271,262,243,269,274,215,209,183,32,0],[0,266,261,147,148,207,206,242,263,254,182,146,201,0],[0,0,199,295,172,231,290,230,245,285,171,111,117,170,225,0],[0,0,133,174,16,75,61,78,18,73,54,15,114,1,13,0],[0,0,159,100,101,160,219,270,244,184,210,150,40,0],[0,82,28,27,33,31,21,81,62,141,86,26,2,14,0],[0,0,106,52,56,57,51,110,105,65,165,50,45,5,0],[0,0,22,287,278,167,218,185,125,158,98,48,47,38,107,0]],inf,19.49870252609253
131446.7641078923,[[0,264,265,247,260,259,200,187,205,127,0],[0,283,284,250,289,288,229,190,224,130,0],[0,276,249,281,280,221,189,275,216,129,0],[0,0,195,294,241,253,198,138,181,193,121,234,135,0],[0,202,88,87,93,68,153,152,8,92,151,91,0],[0,237,296,297,251,292,191,291,232,131,0],[0,213,272,188,273,248,268,267,208,128,0],[0,238,293,246,298,239,119,178,233,186,166,115,55,0],[0,258,139,140,145,67,144,85,7,80,79,20,0],[0,227,228,169,109,168,70,164,104,10,108,49,0],[0,0,29,89,149,34,35,94,123,142,63,3,0],[0,197,256,299,300,252,257,192,240,132,0],[0,161,220,156,69,96,155,214,154,95,9,36,0],[0,0,176,235,175,116,226,286,236,177,71,112,11,0],[0,204,203,194,143,84,25,19,83,122,134,24,23,74,0],[0,255,282,223,163,103,44,43,157,97,42,90,37,4,0],[0,196,217,279,277,222,162,99,64,39,30,41,124,102,0],[0,0,17,77,76,136,137,180,72,179,120,12,60,0],[0,53,113,59,118,58,173,126,66,6,46,0],[0,0,262,212,211,271,243,274,215,269,209,183,32,0],[0,263,254,242,266,261,147,148,207,206,182,201,146,0],[0,0,199,295,172,231,230,245,290,285,171,111,117,225,170,0],[0,73,15,133,75,16,174,78,61,18,114,1,54,13,0],[0,159,100,101,160,219,270,244,184,210,150,40,0],[0,82,28,31,33,27,86,141,62,81,21,26,2,14,0],[0,0,57,56,106,52,51,110,165,50,65,105,5,45,0],[0,0,22,287,278,185,218,167,107,47,48,98,158,125,38,0]],inf,19.62698245048523
