Golden_13 RA KMEANS

energy,arcs,distance,time(ms)
626314.5878171586,[[0,63,35,15,37,67,38,16,0],[0,236,235,176,173,123,224,120,81,8,0],[0,230,205,147,211,112,216,164,221,117,77,5,0],[0,148,248,188,136,244,240,180,131,89,11,0],[0,195,196,146,101,149,151,152,106,68,2,0],[0,170,223,167,119,80,47,23,7,0],[0,128,179,238,130,88,54,28,10,0],[0,156,208,154,108,70,40,18,4,0],[0,129,237,178,126,86,53,27,9,0],[0,139,141,193,97,61,33,13,1,0],[0,206,118,166,222,169,226,78,22,6,0],[0,203,197,194,252,192,251,190,138,94,247,12,0],[0,177,127,85,51,52,49,25,26,0],[0,110,207,153,107,69,39,17,3,0],[0,215,213,159,114,163,219,116,76,72,42,20,0],[0,198,250,189,187,246,186,182,132,90,56,30,0],[0,100,144,102,103,104,150,105,66,65,64,36,0],[0,172,231,233,234,175,125,124,122,83,84,50,0],[0,113,161,160,212,158,111,73,74,75,43,44,0],[0,199,249,135,185,184,243,245,134,92,91,57,58,0],[0,0,145,143,99,98,142,140,96,62,34,14,0],[0,174,229,227,171,225,168,121,82,48,24,0],[0,204,202,201,214,157,210,209,155,109,71,41,19,0],[0,0,200,232,87,181,239,241,242,183,133,55,29,0],[0,0,228,115,162,218,217,220,165,79,46,45,21,0],[0,191,137,93,95,59,31,60,32,0]],inf,14.184294700622559
640315.53780471,[[0,63,35,15,37,67,38,16,0],[0,236,235,176,123,173,224,120,81,8,0],[0,230,147,205,164,117,77,221,216,112,211,5,0],[0,148,248,188,136,244,240,131,180,89,11,0],[0,195,196,146,101,149,151,152,106,68,2,0],[0,170,223,167,119,80,47,23,7,0],[0,128,179,238,130,88,54,28,10,0],[0,156,208,154,108,70,40,18,4,0],[0,126,178,237,129,86,53,27,9,0],[0,139,193,141,97,61,33,13,1,0],[0,206,169,226,222,166,118,78,22,6,0],[0,203,197,194,192,252,251,190,138,94,247,12,0],[0,177,127,85,51,52,49,25,26,0],[0,110,207,153,107,69,39,17,3,0],[0,215,213,159,114,163,219,116,76,72,42,20,0],[0,0,198,250,189,187,246,186,182,132,90,56,30,0],[0,0,100,144,102,103,104,150,105,66,65,64,36,0],[0,231,233,234,175,125,124,172,122,83,84,50,0],[0,212,160,161,113,158,111,73,74,75,43,44,0],[0,199,249,135,134,184,185,243,245,92,91,57,58,0],[0,145,143,99,98,142,140,96,62,34,14,0],[0,174,229,171,227,225,168,121,82,48,24,0],[0,204,202,201,214,157,210,209,155,109,71,41,19,0],[0,200,232,239,181,242,241,183,133,87,55,29,0],[0,0,228,165,220,217,218,162,115,79,46,45,21,0],[0,191,137,93,95,59,31,60,32,0]],inf,14.227190494537354
642413.2737208719,[[0,63,35,15,37,67,38,16,0],[0,236,235,176,173,123,224,120,81,8,0],[0,230,77,117,164,221,216,112,211,205,147,5,0],[0,148,248,188,136,244,240,180,131,89,11,0],[0,195,196,146,101,149,151,152,106,68,2,0],[0,170,223,167,119,80,47,23,7,0],[0,128,179,238,130,88,54,28,10,0],[0,156,208,154,108,70,40,18,4,0],[0,126,178,237,129,86,53,27,9,0],[0,139,193,141,97,61,33,13,1,0],[0,206,169,226,222,166,118,78,22,6,0],[0,203,197,194,252,192,251,190,247,94,138,12,0],[0,177,127,85,51,49,25,52,26,0],[0,110,207,153,107,69,39,17,3,0],[0,215,213,159,114,163,219,116,76,42,72,20,0],[0,198,250,189,187,246,186,182,132,90,56,30,0],[0,0,105,150,104,103,102,144,100,64,65,66,36,0],[0,231,234,233,175,125,124,172,122,83,84,50,0],[0,73,111,158,212,160,161,113,74,75,43,44,0],[0,199,249,135,185,243,245,184,134,92,91,57,58,0],[0,145,143,142,99,98,96,140,62,34,14,0],[0,174,229,171,227,225,168,121,82,48,24,0],[0,201,202,204,209,210,157,214,155,109,71,41,19,0],[0,200,232,87,55,29,181,239,241,242,183,133,0],[0,228,220,218,217,162,115,165,79,46,45,21,0],[0,191,137,93,95,60,59,31,32,0]],inf,14.175923824310303
646215.810496218,[[0,67,63,35,15,37,38,16,0],[0,236,235,176,173,123,224,120,81,8,0],[0,230,221,164,117,77,112,216,211,205,147,5,0],[0,148,248,188,136,244,240,180,131,89,11,0],[0,195,196,146,101,149,151,152,106,68,2,0],[0,170,223,167,119,80,47,23,7,0],[0,128,179,238,130,88,54,28,10,0],[0,156,208,154,108,70,40,18,4,0],[0,126,178,237,129,86,53,27,9,0],[0,139,193,141,97,61,33,13,1,0],[0,206,118,166,222,169,226,78,22,6,0],[0,203,197,247,190,251,192,252,194,138,94,12,0],[0,177,127,85,51,25,49,52,26,0],[0,110,153,207,107,69,39,17,3,0],[0,213,215,159,114,163,219,116,76,72,42,20,0],[0,198,250,189,187,186,246,182,132,90,56,30,0],[0,100,144,102,103,104,150,105,66,65,64,36,0],[0,0,175,234,233,231,172,124,125,83,122,84,50,0],[0,0,113,161,160,212,158,111,73,74,75,43,44,0],[0,199,249,135,184,185,243,245,134,92,91,57,58,0],[0,145,143,99,98,142,140,96,62,34,14,0],[0,174,229,171,227,225,168,121,82,48,24,0],[0,204,202,201,214,157,210,209,155,109,71,41,19,0],[0,200,87,232,181,242,241,183,133,239,55,29,0],[0,228,165,220,218,217,162,115,79,46,45,21,0],[0,93,137,191,95,59,60,31,32,0]],inf,14.239264249801636
651675.2207819214,[[0,63,35,15,37,67,38,16,0],[0,236,235,176,173,123,224,120,81,8,0],[0,147,205,211,112,216,164,221,230,77,117,5,0],[0,0,148,248,188,136,244,240,180,131,89,11,0],[0,195,196,146,101,149,151,152,106,68,2,0],[0,170,223,167,119,80,47,23,7,0],[0,128,179,238,130,88,54,28,10,0],[0,156,208,154,108,70,40,18,4,0],[0,237,129,178,126,86,53,27,9,0],[0,139,193,141,97,61,33,13,1,0],[0,206,226,169,222,166,118,78,22,6,0],[0,203,197,194,192,252,251,190,138,94,247,12,0],[0,177,127,85,52,51,49,25,26,0],[0,110,207,153,107,69,39,17,3,0],[0,215,213,159,114,163,219,116,76,72,42,20,0],[0,198,250,189,187,246,186,182,132,90,56,30,0],[0,100,144,102,103,104,150,105,66,65,64,36,0],[0,0,122,124,172,231,234,233,175,125,83,84,50,0],[0,113,161,160,212,158,111,73,74,75,43,44,0],[0,199,249,243,245,185,135,134,184,92,91,57,58,0],[0,96,140,142,145,143,99,98,62,34,14,0],[0,174,229,171,227,225,168,121,82,48,24,0],[0,214,204,202,201,155,209,210,157,109,71,41,19,0],[0,200,29,55,87,232,239,181,183,241,242,133,0],[0,228,79,165,220,218,217,162,115,45,21,46,0],[0,191,137,93,95,59,60,31,32,0]],inf,14.369901895523071
646360.586367361,[[0,63,35,15,37,67,38,16,0],[0,236,235,176,173,123,224,120,81,8,0],[0,216,112,211,205,147,230,221,164,117,77,5,0],[0,148,248,188,136,244,240,131,180,89,11,0],[0,195,196,146,101,149,151,152,106,68,2,0],[0,170,223,167,119,80,47,23,7,0],[0,128,179,238,130,88,54,28,10,0],[0,156,208,154,108,70,40,18,4,0],[0,126,178,237,129,86,53,27,9,0],[0,139,141,193,97,61,33,13,1,0],[0,206,226,169,222,166,118,78,22,6,0],[0,203,197,194,252,251,192,138,190,247,94,12,0],[0,177,127,85,49,25,51,52,26,0],[0,110,207,153,107,69,39,17,3,0],[0,219,215,213,159,114,163,116,76,72,42,20,0],[0,198,250,189,187,246,186,182,132,90,56,30,0],[0,100,144,102,103,104,150,105,66,65,64,36,0],[0,122,124,172,231,233,234,175,125,83,84,50,0],[0,113,161,160,212,158,111,73,74,75,43,44,0],[0,199,249,184,243,245,185,135,134,92,91,57,58,0],[0,0,96,140,142,143,145,99,98,62,34,14,0],[0,174,229,171,227,225,168,121,82,48,24,0],[0,201,202,204,209,210,157,214,109,155,71,41,19,0],[0,200,29,232,87,55,181,239,241,242,183,133,0],[0,228,218,217,162,115,220,165,79,46,45,21,0],[0,93,137,191,95,59,60,31,32,0]],inf,14.130966663360596
653561.8233619987,[[0,63,35,15,37,67,38,16,0],[0,236,235,176,173,123,224,120,81,8,0],[0,147,205,112,211,216,230,221,117,77,164,5,0],[0,148,248,188,136,244,240,180,131,89,11,0],[0,195,196,146,101,149,151,152,106,68,2,0],[0,170,223,167,119,80,47,23,7,0],[0,128,179,238,130,88,54,28,10,0],[0,156,208,154,108,70,40,18,4,0],[0,126,178,237,129,86,53,27,9,0],[0,139,193,141,97,61,33,13,1,0],[0,206,78,118,166,222,226,169,22,6,0],[0,203,197,194,192,252,251,190,138,94,247,12,0],[0,177,127,85,51,52,49,25,26,0],[0,110,207,153,107,69,39,17,3,0],[0,215,213,159,114,163,219,116,76,72,42,20,0],[0,198,250,189,187,186,246,182,132,90,56,30,0],[0,100,144,102,103,150,104,105,66,65,64,36,0],[0,231,233,234,175,125,124,172,122,83,84,50,0],[0,158,212,160,161,113,111,73,74,75,43,44,0],[0,0,199,249,245,135,185,243,184,134,92,91,57,58,0],[0,145,143,99,98,142,140,96,62,34,14,0],[0,174,229,171,227,225,168,121,82,48,24,0],[0,204,202,201,214,157,210,209,155,109,71,41,19,0],[0,200,241,183,133,242,181,239,232,29,55,87,0],[0,228,115,162,218,217,220,165,79,46,45,21,0],[0,191,137,93,95,59,60,31,32,0]],inf,14.392036199569702
643493.3960629689,[[0,63,35,15,37,67,38,16,0],[0,236,235,176,123,173,224,120,81,8,0],[0,205,147,230,221,164,117,77,112,211,216,5,0],[0,148,248,188,136,244,240,180,131,89,11,0],[0,195,196,146,101,149,151,152,106,68,2,0],[0,170,223,167,119,80,47,23,7,0],[0,128,179,238,130,88,54,28,10,0],[0,156,208,154,108,70,40,18,4,0],[0,126,178,237,129,86,53,27,9,0],[0,139,193,141,97,61,33,13,1,0],[0,206,169,226,118,166,222,78,22,6,0],[0,203,197,194,247,94,138,190,251,252,192,12,0],[0,177,127,85,51,52,25,49,26,0],[0,110,207,153,107,69,39,17,3,0],[0,215,213,159,114,163,219,116,76,72,42,20,0],[0,198,250,189,187,246,186,182,132,90,56,30,0],[0,105,150,104,66,65,103,102,144,100,64,36,0],[0,231,233,234,175,125,124,172,122,83,84,50,0],[0,113,161,160,212,158,111,73,74,75,43,44,0],[0,0,199,249,135,185,243,245,134,184,91,92,57,58,0],[0,0,99,145,143,142,98,140,96,62,34,14,0],[0,174,229,227,171,225,168,121,82,48,24,0],[0,214,202,201,204,209,210,157,155,109,71,41,19,0],[0,200,232,181,239,241,133,183,242,87,55,29,0],[0,228,220,218,217,162,115,165,79,46,45,21,0],[0,191,137,93,95,59,60,32,31,0]],inf,14.18149471282959
655363.4099077127,[[0,67,63,35,15,37,38,16,0],[0,224,235,236,176,173,123,81,120,8,0],[0,230,221,117,77,164,216,112,211,205,147,5,0],[0,148,248,188,136,244,240,180,131,89,11,0],[0,195,196,146,101,149,151,152,106,68,2,0],[0,170,223,167,119,80,47,23,7,0],[0,128,179,238,130,88,54,28,10,0],[0,156,208,154,108,70,40,18,4,0],[0,126,178,237,129,86,53,27,9,0],[0,139,193,141,97,61,33,13,1,0],[0,206,166,222,226,169,118,78,22,6,0],[0,203,197,194,192,252,251,190,138,94,247,12,0],[0,177,127,85,51,49,25,52,26,0],[0,110,207,153,107,69,39,17,3,0],[0,215,213,159,114,163,219,116,76,72,42,20,0],[0,198,250,189,187,186,246,182,132,90,56,30,0],[0,100,144,102,103,104,150,105,66,65,64,36,0],[0,122,124,172,231,233,234,175,125,83,84,50,0],[0,113,161,160,212,158,111,73,74,75,43,44,0],[0,0,199,249,134,184,243,245,185,135,92,91,57,58,0],[0,96,140,145,99,143,142,98,62,34,14,0],[0,174,229,171,227,225,168,121,82,48,24,0],[0,204,202,201,214,157,210,209,155,109,71,41,19,0],[0,200,29,55,87,232,239,181,183,241,242,133,0],[0,228,115,162,218,217,220,165,79,46,45,21,0],[0,191,137,93,95,59,60,32,31,0]],inf,14.215708017349243
649960.3901732911,[[0,63,35,15,37,67,38,16,0],[0,236,235,176,173,123,224,120,81,8,0],[0,205,147,230,77,117,164,221,216,112,211,5,0],[0,148,136,188,248,244,240,131,180,89,11,0],[0,195,196,146,101,149,151,152,106,68,2,0],[0,170,223,167,119,80,47,23,7,0],[0,128,179,238,130,88,54,28,10,0],[0,156,208,154,108,70,40,18,4,0],[0,126,178,237,129,86,53,27,9,0],[0,139,193,141,97,61,33,13,1,0],[0,206,226,169,222,166,118,78,22,6,0],[0,203,197,194,192,252,251,190,138,94,247,12,0],[0,177,127,85,25,49,51,52,26,0],[0,110,207,153,107,69,39,17,3,0],[0,159,213,215,114,163,219,116,76,72,42,20,0],[0,198,250,189,187,186,246,182,132,90,56,30,0],[0,150,105,104,66,65,103,102,144,100,64,36,0],[0,175,233,234,231,172,124,125,122,83,84,50,0],[0,113,161,160,212,158,111,73,74,75,43,44,0],[0,0,199,249,135,185,243,245,184,134,92,91,57,58,0],[0,96,140,98,142,143,145,99,62,34,14,0],[0,174,229,171,227,225,168,121,82,48,24,0],[0,201,202,204,214,157,210,209,155,109,71,41,19,0],[0,200,133,183,241,242,181,239,87,232,55,29,0],[0,228,165,220,218,217,162,115,45,21,46,79,0],[0,191,137,93,95,59,60,31,32,0]],inf,14.252097129821777
