Golden_13 RA KMEANS

energy,arcs,distance,time(ms)
637421.4687662234,[[0,63,35,15,37,67,38,16,0],[0,236,235,176,173,123,224,120,81,8,0],[0,230,77,117,164,221,216,112,211,205,147,5,0],[0,148,136,188,248,244,240,180,131,89,11,0],[0,195,196,146,101,149,151,152,106,68,2,0],[0,170,223,167,119,80,47,23,7,0],[0,128,179,238,130,88,54,28,10,0],[0,156,208,154,108,70,40,18,4,0],[0,126,178,237,129,86,53,27,9,0],[0,139,193,141,97,61,33,13,1,0],[0,206,169,226,222,166,118,78,22,6,0],[0,203,197,194,252,192,251,138,190,247,94,12,0],[0,177,127,85,52,51,49,25,26,0],[0,110,207,153,107,69,39,17,3,0],[0,163,219,215,213,159,114,116,76,72,42,20,0],[0,198,250,189,187,246,186,182,132,90,56,30,0],[0,100,144,102,103,104,150,105,66,65,64,36,0],[0,0,122,124,172,231,233,234,175,125,83,84,50,0],[0,0,73,111,158,212,160,161,113,74,75,43,44,0],[0,199,249,135,185,243,245,184,134,92,91,57,58,0],[0,145,143,99,98,142,140,96,62,34,14,0],[0,174,229,171,227,225,168,121,82,48,24,0],[0,201,202,204,209,210,157,214,155,109,71,41,19,0],[0,200,232,239,181,183,241,242,133,29,55,87,0],[0,228,165,220,218,217,162,115,46,79,45,21,0],[0,191,137,93,95,60,59,31,32,0]],inf,13.123444318771362
631850.9513301875,[[0,63,35,15,37,67,38,16,0],[0,236,235,176,173,123,224,120,81,8,0],[0,230,147,205,211,112,216,164,117,77,221,5,0],[0,148,248,188,136,244,240,180,131,89,11,0],[0,195,196,146,101,149,151,152,106,68,2,0],[0,170,223,167,119,80,47,23,7,0],[0,128,179,238,130,88,54,28,10,0],[0,156,208,154,108,70,40,18,4,0],[0,129,237,178,126,86,53,27,9,0],[0,139,193,141,97,61,33,13,1,0],[0,206,169,226,222,166,118,78,22,6,0],[0,203,197,194,192,251,252,247,190,138,94,12,0],[0,177,127,85,51,49,25,52,26,0],[0,110,207,153,107,69,39,17,3,0],[0,215,213,159,114,163,219,116,76,72,42,20,0],[0,198,250,189,187,246,186,182,132,90,56,30,0],[0,100,144,102,103,104,150,105,66,65,64,36,0],[0,231,233,234,175,125,124,172,122,83,84,50,0],[0,113,161,160,212,158,111,73,74,75,43,44,0],[0,199,249,135,134,184,185,245,243,92,91,57,58,0],[0,145,143,99,98,142,140,96,62,34,14,0],[0,229,174,171,227,225,168,121,82,48,24,0],[0,201,202,204,155,209,210,157,214,71,109,41,19,0],[0,0,200,232,239,181,183,241,242,133,87,55,29,0],[0,228,165,220,218,217,162,115,45,46,79,21,0],[0,93,137,191,95,60,59,31,32,0]],inf,13.118674755096436
659061.2770964177,[[0,63,35,15,67,37,38,16,0],[0,236,235,176,173,123,120,224,81,8,0],[0,230,77,117,164,221,216,112,211,205,147,5,0],[0,148,248,188,136,244,240,180,131,89,11,0],[0,195,196,146,101,149,151,152,106,68,2,0],[0,170,223,167,119,80,47,23,7,0],[0,128,179,238,130,88,54,28,10,0],[0,156,208,154,108,70,40,18,4,0],[0,126,178,237,129,86,53,27,9,0],[0,141,193,139,97,61,33,13,1,0],[0,206,118,166,222,226,169,78,22,6,0],[0,203,197,194,252,192,251,190,138,94,247,12,0],[0,177,127,85,52,51,49,25,26,0],[0,110,207,153,107,69,39,17,3,0],[0,215,213,159,114,163,219,116,76,72,42,20,0],[0,198,250,189,187,246,186,182,132,90,56,30,0],[0,105,104,150,103,102,144,100,64,65,66,36,0],[0,172,231,233,234,175,125,124,122,83,84,50,0],[0,113,161,160,212,158,111,73,74,75,43,44,0],[0,0,199,249,135,134,184,185,245,243,92,91,57,58,0],[0,145,143,99,98,142,140,96,62,34,14,0],[0,174,229,171,227,225,168,121,82,48,24,0],[0,201,202,204,209,210,157,214,109,155,71,41,19,0],[0,200,29,55,87,232,181,239,241,242,183,133,0],[0,228,220,218,217,162,115,165,79,46,45,21,0],[0,93,137,191,95,60,59,31,32,0]],inf,13.140810251235962
631483.8631160517,[[0,63,35,15,37,67,38,16,0],[0,236,235,176,173,123,224,120,81,8,0],[0,230,77,117,164,221,216,112,211,205,147,5,0],[0,148,248,188,136,244,240,180,131,89,11,0],[0,195,196,146,101,149,151,152,106,68,2,0],[0,170,223,167,119,80,47,23,7,0],[0,128,179,238,130,88,54,28,10,0],[0,156,208,154,108,70,40,18,4,0],[0,126,178,237,129,86,53,27,9,0],[0,139,193,141,97,61,33,13,1,0],[0,206,226,169,166,222,118,78,22,6,0],[0,203,197,194,252,251,192,138,190,247,94,12,0],[0,177,127,85,51,49,25,52,26,0],[0,110,207,153,107,69,39,17,3,0],[0,215,213,159,114,163,219,116,76,72,42,20,0],[0,0,198,250,189,187,186,246,182,132,90,56,30,0],[0,0,100,144,102,103,150,104,105,66,65,64,36,0],[0,231,233,234,175,125,124,172,122,83,84,50,0],[0,113,161,160,212,158,111,73,74,75,43,44,0],[0,199,249,245,243,135,185,184,134,92,91,57,58,0],[0,96,140,142,143,145,99,98,62,34,14,0],[0,0,174,229,171,227,225,168,121,82,48,24,0],[0,204,202,201,214,157,210,209,155,109,71,41,19,0],[0,200,232,87,181,239,241,242,183,133,55,29,0],[0,0,228,165,220,115,162,218,217,79,46,45,21,0],[0,191,137,93,95,60,59,31,32,0]],inf,13.08119010925293
660755.8092820491,[[0,63,35,15,37,67,38,16,0],[0,236,235,176,123,173,224,120,81,8,0],[0,230,77,117,164,221,216,112,211,205,147,5,0],[0,148,248,188,136,244,240,180,131,89,11,0],[0,195,196,146,101,149,151,152,106,68,2,0],[0,170,223,167,119,80,47,23,7,0],[0,128,179,238,130,88,54,28,10,0],[0,156,208,154,108,70,40,18,4,0],[0,126,178,237,129,86,53,27,9,0],[0,139,193,141,97,61,33,13,1,0],[0,206,169,226,222,166,118,78,22,6,0],[0,203,197,194,252,192,251,190,138,94,247,12,0],[0,177,127,85,52,51,49,25,26,0],[0,110,207,153,107,69,39,17,3,0],[0,215,213,159,114,163,219,116,76,72,42,20,0],[0,0,198,250,189,187,246,186,182,132,90,56,30,0],[0,144,100,64,65,102,103,104,150,105,66,36,0],[0,125,175,234,233,231,172,124,122,83,84,50,0],[0,113,161,160,212,158,111,73,74,75,43,44,0],[0,199,249,135,134,184,185,243,245,92,91,57,58,0],[0,0,96,140,142,143,145,99,98,62,34,14,0],[0,174,229,171,227,225,168,121,82,48,24,0],[0,201,202,204,209,155,210,157,214,109,71,41,19,0],[0,200,181,239,241,242,183,133,55,29,87,232,0],[0,228,220,165,217,218,162,115,79,46,45,21,0],[0,191,137,93,95,60,59,31,32,0]],inf,13.10811972618103
651420.875373627,[[0,63,35,15,37,67,38,16,0],[0,236,235,176,173,123,224,120,81,8,0],[0,230,77,117,221,164,216,112,211,205,147,5,0],[0,148,136,188,248,244,240,180,131,89,11,0],[0,195,196,146,101,149,151,152,106,68,2,0],[0,170,223,167,119,80,47,23,7,0],[0,128,179,238,130,88,54,28,10,0],[0,156,208,154,108,70,40,18,4,0],[0,129,237,178,126,86,53,27,9,0],[0,139,193,141,97,61,33,13,1,0],[0,206,226,169,166,222,118,78,22,6,0],[0,203,197,194,192,252,251,190,138,94,247,12,0],[0,177,127,85,51,49,25,52,26,0],[0,110,207,153,107,69,39,17,3,0],[0,215,213,159,114,219,163,116,76,72,42,20,0],[0,198,250,189,187,246,186,182,132,90,56,30,0],[0,100,144,102,103,104,150,105,66,65,64,36,0],[0,125,175,233,234,231,172,124,122,83,84,50,0],[0,113,161,160,212,158,111,73,74,75,43,44,0],[0,0,199,249,245,243,185,184,135,134,92,91,57,58,0],[0,145,143,142,96,140,98,99,62,34,14,0],[0,174,229,171,227,225,168,121,82,48,24,0],[0,201,202,204,209,210,157,214,155,109,71,41,19,0],[0,200,183,133,181,239,241,242,87,232,29,55,0],[0,228,165,220,218,217,162,115,79,46,45,21,0],[0,191,137,93,95,59,31,60,32,0]],inf,13.15693974494934
642639.4875370464,[[0,63,35,15,37,67,38,16,0],[0,176,235,236,173,123,224,120,81,8,0],[0,230,77,117,221,164,216,112,211,205,147,5,0],[0,148,248,188,136,244,240,180,131,89,11,0],[0,195,196,146,101,149,151,152,106,68,2,0],[0,170,223,167,119,80,47,23,7,0],[0,128,179,238,130,88,54,28,10,0],[0,156,208,154,108,70,40,18,4,0],[0,126,178,237,129,86,53,27,9,0],[0,139,193,141,97,61,33,13,1,0],[0,206,169,226,166,222,118,78,22,6,0],[0,203,197,194,252,192,251,190,138,94,247,12,0],[0,177,127,85,25,49,51,52,26,0],[0,110,207,153,107,69,39,17,3,0],[0,215,213,159,114,219,163,116,76,72,42,20,0],[0,198,250,189,187,246,186,182,132,90,56,30,0],[0,66,104,105,150,103,102,144,100,64,65,36,0],[0,122,124,172,231,233,234,175,125,83,84,50,0],[0,113,161,160,212,158,111,73,74,75,43,44,0],[0,199,249,135,134,184,243,245,185,92,91,57,58,0],[0,145,143,99,98,142,140,96,62,34,14,0],[0,174,229,171,227,225,168,121,82,48,24,0],[0,204,202,201,214,157,210,209,155,109,71,41,19,0],[0,200,87,232,181,239,183,241,242,133,55,29,0],[0,228,165,220,162,218,217,115,46,79,45,21,0],[0,93,137,191,95,60,59,31,32,0]],inf,13.095116376876831
650201.7351688506,[[0,63,35,15,37,67,38,16,0],[0,236,235,176,173,123,224,120,81,8,0],[0,230,221,164,117,77,216,112,211,205,147,5,0],[0,148,248,188,136,244,240,180,131,89,11,0],[0,195,196,146,101,149,151,152,106,68,2,0],[0,170,223,167,119,80,47,23,7,0],[0,128,179,238,130,88,54,28,10,0],[0,156,208,154,108,70,40,18,4,0],[0,126,178,237,129,86,53,27,9,0],[0,139,141,193,97,61,33,13,1,0],[0,206,169,226,222,166,118,78,22,6,0],[0,203,197,194,247,138,94,190,251,252,192,12,0],[0,177,127,85,25,49,51,52,26,0],[0,110,207,153,107,69,39,17,3,0],[0,215,213,159,114,163,219,116,76,42,72,20,0],[0,198,250,189,187,186,246,182,132,90,56,30,0],[0,150,105,104,66,65,103,102,144,100,64,36,0],[0,231,233,234,175,125,124,172,122,83,84,50,0],[0,113,161,160,212,158,111,73,74,75,43,44,0],[0,199,249,184,243,245,185,135,134,92,91,57,58,0],[0,145,143,99,98,142,140,96,62,34,14,0],[0,174,229,171,227,225,168,121,82,48,24,0],[0,201,202,204,155,157,214,210,209,109,71,41,19,0],[0,200,133,183,241,242,181,239,87,232,55,29,0],[0,228,115,162,218,217,220,165,45,46,79,21,0],[0,93,137,191,95,59,60,31,32,0]],inf,13.106199026107788
651107.0530281109,[[0,63,35,15,37,67,38,16,0],[0,236,235,176,173,123,224,120,81,8,0],[0,230,77,117,164,221,216,112,211,205,147,5,0],[0,148,248,188,136,244,240,180,131,89,11,0],[0,195,196,146,101,149,151,152,106,68,2,0],[0,170,223,167,119,80,47,23,7,0],[0,128,179,238,130,88,54,28,10,0],[0,156,208,154,108,70,40,18,4,0],[0,126,178,237,129,86,53,27,9,0],[0,139,193,141,97,61,33,13,1,0],[0,206,169,226,222,166,118,78,22,6,0],[0,203,197,194,192,252,251,190,138,94,247,12,0],[0,177,127,85,51,25,49,52,26,0],[0,110,207,153,107,69,39,17,3,0],[0,215,213,159,114,163,219,116,76,42,72,20,0],[0,198,250,189,187,186,246,182,132,90,56,30,0],[0,100,144,102,103,150,104,105,66,65,64,36,0],[0,0,122,124,172,231,233,234,175,125,83,84,50,0],[0,113,161,160,212,158,111,73,74,75,43,44,0],[0,199,249,184,185,243,245,135,134,92,91,57,58,0],[0,145,99,143,142,98,140,96,62,34,14,0],[0,174,229,171,227,225,168,121,82,48,24,0],[0,201,202,204,214,157,210,209,155,109,71,41,19,0],[0,200,29,55,87,232,181,239,242,241,183,133,0],[0,228,217,218,162,115,220,165,79,46,45,21,0],[0,93,137,191,95,60,59,31,32,0]],inf,13.127370119094849
651939.4404881665,[[0,63,35,15,37,67,38,16,0],[0,236,235,176,173,123,224,120,81,8,0],[0,147,205,211,112,216,164,221,117,77,230,5,0],[0,148,248,188,136,244,240,180,131,89,11,0],[0,195,196,146,101,149,151,152,106,68,2,0],[0,170,223,167,119,80,47,23,7,0],[0,128,179,238,130,88,54,28,10,0],[0,156,208,154,108,70,40,18,4,0],[0,126,178,237,129,86,53,27,9,0],[0,139,193,141,97,61,33,13,1,0],[0,206,226,169,166,222,118,78,22,6,0],[0,203,197,194,192,252,251,247,190,138,94,12,0],[0,177,127,85,25,49,51,52,26,0],[0,110,153,207,107,69,39,17,3,0],[0,215,213,159,114,219,163,116,76,42,72,20,0],[0,198,250,189,187,186,246,182,132,90,56,30,0],[0,100,144,102,103,104,150,105,66,65,64,36,0],[0,125,175,233,234,231,172,124,122,83,84,50,0],[0,73,111,158,212,160,161,113,74,75,43,44,0],[0,199,249,245,243,185,184,135,134,92,91,57,58,0],[0,145,143,99,98,142,140,96,62,34,14,0],[0,174,229,171,227,225,168,121,82,48,24,0],[0,201,202,204,209,210,157,214,155,109,71,41,19,0],[0,200,181,239,241,242,183,133,55,29,87,232,0],[0,228,115,162,218,217,220,165,79,46,45,21,0],[0,93,137,191,95,59,60,31,32,0]],inf,13.107131719589233
