Golden_8 RA KMEANS

energy,arcs,distance,time(ms)
7004558.183594548,[[0,424,380,335,379,423,422,378,334,290,291,247,246,245,244,243,287,331,332,288,289,333,377,421,376,420,419,375,374,418,330,286,242,198,199,200,201,202,203,159,158,157,156,155,154,0],[0,0,224,223,267,311,354,398,397,399,355,312,356,400,357,401,313,314,358,402,403,359,315,271,227,182,181,180,179,178,222,266,310,268,269,270,225,226,183,139,138,137,136,135,92,0],[0,300,344,345,301,257,256,255,254,298,299,343,387,431,430,429,386,342,388,432,433,389,346,390,434,391,436,347,303,302,258,259,215,214,213,212,211,210,166,167,168,169,170,171,0],[0,410,367,146,145,101,102,103,104,60,59,58,57,56,55,54,53,52,51,50,49,48,95,96,97,98,99,100,142,141,140,94,93,5,6,7,8,9,10,11,12,13,14,15,4,0],[0,435,90,91,47,46,45,44,87,86,85,84,83,82,81,80,79,78,77,76,122,123,124,125,126,127,128,129,130,40,39,38,37,36,35,34,33,32,41,42,43,1,2,3,0],[0,280,279,323,324,368,412,413,369,327,283,284,240,239,195,194,193,192,191,235,236,237,238,282,281,325,326,370,414,415,371,416,417,372,328,329,285,241,196,197,153,152,151,150,149,148,147,0],[0,319,363,364,320,276,232,188,187,186,185,184,228,229,230,231,275,274,273,318,317,272,316,360,404,405,361,362,406,407,408,409,365,321,322,366,411,278,277,233,234,190,189,144,143,0],[0,373,110,111,112,113,114,115,116,69,68,67,66,65,64,63,62,61,105,106,107,108,109,70,71,72,73,74,75,31,30,29,28,27,26,25,24,23,22,21,20,19,18,17,16,0],[0,172,263,220,221,265,264,309,353,308,352,396,439,395,351,307,306,262,261,260,304,348,392,393,437,438,394,350,349,305,216,217,218,219,176,177,132,133,134,89,88,131,175,174,173,0],[0,0,251,252,253,297,341,385,428,427,383,339,384,340,296,295,294,293,337,338,382,426,425,381,336,292,249,248,204,205,206,250,207,208,209,165,164,163,162,161,160,117,118,119,120,121,0]],inf,29.805009126663208
6927612.78379665,[[0,380,424,423,379,335,291,290,334,378,422,421,420,376,332,288,289,333,377,375,419,418,374,330,331,287,286,242,243,244,245,246,247,203,202,201,200,199,198,154,155,156,157,158,159,0],[0,271,315,359,403,402,358,314,313,357,401,400,356,312,311,355,399,398,397,354,310,266,267,268,269,270,227,226,225,224,223,222,178,179,180,181,182,183,139,138,137,136,135,92,0],[0,387,343,299,298,342,386,430,429,431,432,388,344,300,301,345,389,433,390,434,391,436,347,346,302,303,259,258,257,256,255,254,210,166,167,168,169,170,171,215,214,213,212,211,0],[0,410,367,146,145,142,141,140,95,94,93,48,49,50,51,52,53,54,55,56,57,58,59,60,104,103,102,101,100,99,98,97,96,8,9,10,11,12,13,14,15,7,6,5,4,0],[0,435,130,129,128,127,126,125,124,123,122,79,80,81,82,83,84,85,86,87,44,45,46,47,90,91,1,2,3,43,42,41,40,39,38,37,36,35,34,33,32,77,76,78,0],[0,235,236,280,279,323,324,368,412,413,369,325,326,370,414,415,371,327,328,372,416,417,329,285,284,283,282,281,237,238,239,240,241,196,197,153,152,150,149,148,147,191,192,193,194,195,151,0],[0,143,144,188,232,231,275,276,320,319,363,407,362,406,361,405,404,360,316,317,274,230,229,228,272,273,318,364,408,409,365,321,322,366,411,278,277,233,234,190,189,187,186,185,184,0],[0,373,107,108,109,110,111,112,113,114,115,116,73,72,71,70,69,68,67,66,65,64,63,62,61,106,105,17,16,18,19,20,21,22,23,24,25,26,27,28,29,30,31,75,74,0],[0,220,263,262,261,260,304,348,392,393,437,438,394,350,306,305,349,307,264,308,351,395,439,396,352,353,309,265,221,177,176,219,218,217,216,172,173,174,175,132,133,134,89,88,131,0],[0,252,296,340,384,428,385,341,297,253,209,208,207,206,250,251,295,339,383,427,382,426,425,381,337,293,294,338,336,292,248,249,205,204,160,161,162,163,164,165,121,120,119,118,117,0]],inf,29.85291600227356
6933577.622231831,[[0,0,379,423,424,380,335,334,378,422,332,288,287,286,330,374,418,419,375,331,376,420,421,377,333,289,290,291,247,246,245,244,243,242,198,199,200,201,202,203,159,158,157,156,155,154,0],[0,223,224,268,267,311,355,356,312,313,269,270,271,315,359,403,402,358,314,357,401,400,399,398,397,354,310,266,222,178,179,180,181,182,183,227,226,225,138,139,137,136,135,92,0],[0,215,259,303,347,391,436,390,434,433,389,345,301,302,346,388,432,431,387,386,430,429,342,298,254,255,299,343,344,300,213,214,258,257,256,212,211,210,167,166,168,169,170,171,0],[0,410,367,146,145,142,141,140,96,95,94,93,49,48,4,5,6,7,8,9,10,11,12,13,14,15,97,98,99,100,101,102,103,104,60,59,58,57,56,55,54,53,52,51,50,0],[0,435,82,81,80,79,78,77,76,122,123,124,125,126,127,128,129,130,84,83,85,86,87,44,45,46,47,91,90,2,3,1,43,42,41,40,39,38,37,36,35,34,33,32,0],[0,147,191,192,193,194,195,196,283,327,371,415,414,370,369,413,412,368,324,323,279,235,236,280,325,326,282,281,237,238,239,240,284,328,372,416,417,329,285,241,197,153,152,151,150,149,148,0],[0,411,366,365,409,408,364,320,321,322,278,234,233,232,231,187,186,185,184,228,272,316,360,404,405,361,317,273,229,230,274,318,362,406,407,363,319,275,276,277,188,189,190,144,143,0],[0,373,111,112,113,114,115,116,75,74,73,72,71,70,69,68,67,66,65,64,63,62,61,105,106,107,108,109,110,22,21,20,19,18,17,16,23,24,25,26,27,28,29,30,31,0],[0,219,176,177,221,265,309,353,396,352,308,264,307,263,220,261,260,304,348,392,393,437,438,439,395,351,350,394,349,305,306,262,218,217,216,172,173,174,175,132,133,134,89,88,131,0],[0,248,250,251,252,253,297,296,340,341,385,384,428,427,383,339,295,294,338,382,426,425,381,337,336,292,293,249,204,205,206,207,208,209,165,164,163,162,161,160,117,118,119,120,121,0]],inf,29.705176830291748
6967311.2528436845,[[0,289,288,244,245,201,200,199,243,242,286,287,331,375,419,418,374,330,332,376,420,421,377,333,334,378,422,423,424,380,379,335,291,290,246,247,202,203,159,158,157,156,155,154,198,0],[0,355,399,400,356,312,357,401,402,358,403,359,315,271,270,314,313,269,268,267,311,354,398,397,310,266,222,223,224,225,226,227,183,182,181,180,179,178,135,136,137,138,139,92,0],[0,436,391,347,303,259,215,214,213,212,211,255,254,298,342,386,430,429,387,431,432,388,344,300,256,257,258,302,301,346,390,434,433,389,345,343,299,210,166,167,168,169,170,171,0],[0,410,367,146,145,101,102,103,104,59,60,58,57,56,55,54,53,52,51,50,49,48,93,94,95,96,97,98,99,100,142,141,140,15,14,13,12,11,10,9,8,7,6,5,4,0],[0,435,125,124,123,122,78,79,80,81,82,83,84,85,86,87,44,45,46,47,91,90,130,129,128,127,126,77,76,33,32,34,35,36,37,38,39,40,41,42,43,1,2,3,0],[0,147,191,235,279,323,324,368,412,413,369,325,326,370,414,415,371,327,284,240,239,238,237,236,280,281,282,283,328,372,416,417,329,285,241,197,196,195,194,193,192,148,149,150,151,152,153,0],[0,411,322,366,365,409,408,407,363,319,275,231,187,186,185,184,228,272,316,360,404,405,361,317,274,230,229,273,318,362,406,320,364,321,277,278,234,233,276,232,188,189,190,144,143,0],[0,373,108,107,106,105,63,64,65,66,67,68,69,70,71,72,73,74,75,116,115,114,113,112,111,110,109,62,61,18,16,17,19,20,21,22,23,24,25,26,27,28,29,30,31,0],[0,353,309,308,352,396,439,395,351,307,306,350,394,438,437,393,392,348,349,305,304,260,217,218,219,176,177,221,265,264,220,263,262,261,216,172,173,174,175,132,133,134,89,88,131,0],[0,250,251,252,296,295,339,340,384,428,427,426,425,381,337,336,292,248,249,293,294,338,382,383,385,341,297,253,209,208,207,206,205,204,160,161,162,163,164,165,121,120,119,118,117,0]],inf,29.990694522857666
6896093.358098841,[[0,375,331,287,288,332,333,289,290,291,335,379,423,424,380,334,378,422,421,377,376,420,419,418,374,330,286,242,243,244,245,246,247,203,202,201,200,199,198,154,155,156,157,158,159,0],[0,268,267,223,224,225,226,227,271,315,359,403,402,358,314,270,269,313,357,401,400,356,312,311,355,399,398,397,354,310,266,222,178,179,180,181,182,183,139,138,137,136,135,92,0],[0,300,299,298,342,386,430,429,431,387,343,344,388,432,433,389,345,301,303,347,391,436,434,390,346,302,259,258,257,256,255,254,210,211,212,213,214,215,171,170,169,168,167,166,0],[0,410,367,146,145,100,101,102,103,104,59,60,57,58,56,55,54,53,52,51,50,49,48,95,94,93,140,141,142,98,99,97,96,7,8,9,10,11,12,13,14,15,6,5,4,0],[0,435,122,123,124,125,126,127,128,129,130,90,91,47,46,45,44,87,86,85,84,83,82,81,80,79,78,77,76,32,33,34,35,36,37,38,39,40,41,42,43,1,2,3,0],[0,283,284,285,329,328,372,416,417,415,371,327,326,370,414,413,369,412,368,324,280,236,192,148,147,191,235,279,323,325,281,282,238,194,195,196,197,241,240,239,237,193,149,150,151,152,153,0],[0,404,360,316,272,228,184,185,187,188,189,190,234,278,322,366,411,365,409,408,364,407,363,319,320,321,277,276,275,274,318,362,406,405,361,317,273,229,230,186,231,232,233,144,143,0],[0,373,67,66,65,64,63,62,61,105,106,107,108,109,110,111,112,113,114,115,116,70,69,68,71,72,73,74,75,31,30,29,28,27,26,25,24,23,22,21,20,19,18,17,16,0],[0,308,352,396,353,309,265,264,307,263,220,221,177,176,219,218,217,216,260,304,305,306,350,351,395,439,438,394,393,437,392,348,349,261,262,173,172,174,175,132,133,134,89,88,131,0],[0,296,252,253,297,341,385,428,384,340,339,383,427,426,382,381,425,336,292,293,337,338,294,295,251,250,205,204,248,249,206,207,208,209,165,164,163,162,161,160,117,118,119,120,121,0]],inf,29.71103286743164
6905346.052690409,[[0,288,243,244,245,246,247,291,334,378,422,423,424,380,379,335,290,289,333,377,421,420,376,332,331,375,419,418,374,330,286,287,242,198,199,200,201,202,203,159,158,157,156,155,154,0],[0,183,227,271,226,270,315,359,403,402,358,314,313,357,401,400,399,355,354,398,397,310,266,267,311,312,356,224,225,269,268,223,222,178,179,180,181,182,139,138,137,136,135,92,0],[0,257,256,255,299,343,344,300,301,302,258,259,303,347,391,436,434,433,389,345,346,390,388,432,431,387,430,429,386,342,298,254,210,211,212,213,214,215,171,170,169,168,167,166,0],[0,410,367,146,145,99,98,97,96,95,94,93,48,49,50,51,52,53,54,55,56,57,58,59,60,104,103,102,101,100,140,141,142,15,14,13,12,11,10,9,8,7,6,5,4,0],[0,435,82,83,84,85,86,87,44,45,46,47,91,90,130,129,128,127,126,125,124,123,122,78,79,80,81,77,76,33,32,34,35,36,37,38,39,40,41,42,43,1,2,3,0],[0,283,282,238,239,240,241,285,329,328,284,327,371,372,416,417,415,414,370,326,325,369,368,412,413,324,323,279,280,281,237,236,235,191,192,193,194,195,196,197,153,152,151,150,149,148,147,0],[0,319,320,276,275,274,273,272,316,360,404,405,361,317,318,362,406,407,363,364,408,409,365,366,411,322,278,277,321,234,233,232,231,230,229,228,184,185,186,187,188,189,190,144,143,0],[0,373,116,115,114,113,112,111,110,109,108,107,106,105,61,62,63,64,65,66,67,68,69,70,71,72,73,74,75,29,28,27,26,25,24,23,22,21,20,19,18,17,16,30,31,0],[0,305,349,350,306,307,351,308,264,220,263,262,261,260,304,348,392,393,437,438,394,395,439,396,352,353,309,265,221,177,176,219,218,217,216,172,173,174,175,132,133,134,89,88,131,0],[0,294,338,293,292,336,337,381,425,382,426,427,383,339,295,296,340,384,428,385,341,297,253,252,251,250,249,248,204,205,206,207,208,209,165,164,163,162,161,160,117,118,119,120,121,0]],inf,29.674943685531616
6769234.985317809,[[0,288,287,286,330,374,418,419,375,331,332,376,420,377,421,422,378,379,423,424,380,335,291,290,334,333,289,245,244,243,242,198,199,200,201,202,203,247,246,159,158,157,156,155,154,0],[0,224,223,267,311,355,400,356,312,268,269,225,226,227,271,315,359,403,402,358,314,270,313,357,401,399,354,398,397,310,266,222,178,179,180,181,182,183,139,138,137,136,135,92,0],[0,0,215,259,303,302,346,347,391,436,390,434,433,389,345,301,300,344,388,432,431,430,429,342,386,387,343,299,298,254,255,256,257,258,214,213,212,211,210,166,167,168,169,170,171,0],[0,367,410,146,145,101,102,103,104,60,59,58,57,56,55,54,53,52,51,50,49,48,93,94,95,96,97,98,99,100,142,141,140,15,14,13,12,11,10,9,8,7,6,5,4,0],[0,435,85,86,87,44,45,46,47,90,91,130,129,128,127,126,125,124,123,122,78,77,76,79,80,81,82,83,84,40,39,38,37,36,35,34,33,32,41,42,43,1,2,3,0],[0,147,191,235,236,237,281,280,279,323,324,368,412,413,369,325,326,370,414,415,371,327,283,282,238,239,240,284,328,372,416,417,329,285,241,197,196,195,194,193,192,148,149,150,151,152,153,0],[0,319,320,276,232,231,275,274,273,272,316,360,404,405,361,317,318,362,406,407,363,364,408,409,365,321,322,366,411,278,277,233,234,190,189,188,187,186,185,184,228,229,230,143,144,0],[0,373,72,71,70,69,68,67,66,65,64,63,62,61,105,106,107,108,109,110,111,112,113,114,115,116,73,74,75,31,30,29,28,27,26,25,24,23,22,21,20,19,18,17,16,0],[0,348,392,437,393,349,305,304,260,261,262,263,220,264,307,306,350,394,438,439,395,351,308,352,396,353,309,265,221,177,176,219,218,217,216,172,173,174,175,132,133,134,89,88,131,0],[0,341,385,340,384,428,427,383,339,295,252,208,207,206,205,204,248,292,336,337,381,425,382,426,338,294,293,249,250,251,296,297,253,209,165,164,163,162,161,160,117,118,119,120,121,0]],inf,29.656755208969116
6764440.878130899,[[0,287,288,244,243,242,286,330,374,418,419,375,331,332,376,420,421,422,378,334,290,291,335,379,423,424,380,377,333,289,245,246,247,203,202,201,200,199,198,154,155,156,157,158,159,0],[0,226,227,271,315,359,403,402,358,314,270,269,225,224,223,267,268,312,356,400,401,357,313,311,355,399,398,397,354,310,266,222,178,179,180,181,182,183,139,138,137,136,135,92,0],[0,303,347,391,436,434,390,346,345,389,433,432,388,344,343,387,431,430,429,386,342,298,299,300,256,255,254,210,211,212,213,214,258,257,301,302,259,215,171,170,169,168,167,166,0],[0,367,410,140,141,142,100,99,98,97,96,95,94,93,48,49,50,51,52,53,54,55,56,57,58,59,60,104,103,102,101,145,146,12,13,14,15,11,10,9,8,7,6,5,4,0],[0,435,122,123,124,125,126,127,128,129,130,86,87,44,45,46,47,91,90,85,84,83,82,81,80,79,78,77,76,33,32,34,35,36,37,38,39,40,41,42,43,1,2,3,0],[0,147,192,191,235,236,280,279,323,324,368,412,413,369,325,326,370,414,415,371,327,283,284,328,372,416,417,329,285,241,240,239,238,282,281,237,193,194,195,196,197,153,152,151,150,149,148,0],[0,322,366,411,188,187,186,185,184,228,272,316,360,404,361,405,362,406,407,363,319,318,317,273,229,230,274,275,231,232,276,320,364,408,409,365,321,277,278,234,233,189,190,144,143,0],[0,373,75,74,73,72,71,70,69,68,67,66,65,64,63,62,61,105,106,107,108,109,110,111,112,113,114,115,116,29,30,31,28,27,26,25,24,23,22,21,20,19,18,17,16,0],[0,308,264,265,309,353,352,396,395,439,438,394,350,306,262,261,260,304,348,392,437,393,349,305,351,307,263,220,221,177,176,219,218,217,216,172,173,174,175,132,133,134,89,88,131,0],[0,250,251,252,253,297,341,385,384,428,427,383,339,340,296,295,294,338,382,426,425,381,337,293,249,248,292,336,204,205,206,207,208,209,165,164,163,162,161,160,117,118,119,120,121,0]],inf,29.694709062576294
6690126.187036545,[[0,334,378,422,423,424,380,379,335,291,290,289,333,377,421,420,376,332,288,287,331,375,419,418,374,330,286,242,243,244,245,246,247,203,202,201,200,199,198,154,155,156,157,158,159,0],[0,356,355,311,312,268,224,225,226,227,271,315,359,403,402,358,314,270,269,313,357,401,400,399,354,398,397,310,266,267,223,222,178,179,180,181,182,183,139,138,137,136,135,92,0],[0,259,303,347,391,436,434,390,346,345,389,433,432,388,344,343,387,431,430,429,386,342,298,299,300,301,302,258,257,256,255,254,210,211,212,213,214,215,171,170,169,168,167,166,0],[0,410,367,146,145,101,102,103,104,60,59,58,57,56,55,54,53,52,51,50,49,48,93,94,95,96,97,98,99,100,142,141,140,13,14,15,12,11,10,9,8,7,6,5,4,0],[0,435,123,122,124,125,126,127,128,129,130,86,87,44,45,46,47,91,90,3,2,1,43,42,41,40,39,38,37,36,35,34,33,32,76,77,78,79,80,81,82,83,84,85,0],[0,148,147,192,191,235,236,280,279,323,324,368,412,413,369,325,326,370,414,415,371,327,328,372,416,417,329,285,284,283,282,281,237,238,239,240,241,197,196,195,194,193,149,150,151,152,153,0],[0,273,272,316,360,404,405,361,317,318,362,406,407,363,319,320,364,408,409,365,321,366,411,322,278,277,276,275,274,230,229,228,184,185,186,187,188,189,190,234,233,232,231,144,143,0],[0,373,109,110,111,113,114,115,116,71,70,69,68,67,66,65,64,63,62,61,105,106,107,108,112,72,73,74,75,30,31,29,28,27,26,25,24,23,22,21,20,19,18,17,16,0],[0,307,351,308,264,265,309,353,352,396,439,395,394,438,437,393,392,348,304,260,261,305,349,350,306,262,263,220,221,177,176,219,218,217,216,172,173,174,175,132,133,134,89,88,131,0],[0,296,340,384,428,385,341,297,253,209,208,252,295,339,383,427,426,382,338,294,293,337,381,425,336,292,248,249,250,251,207,206,205,204,160,161,162,163,164,165,121,120,119,118,117,0]],inf,29.67834782600403
6780220.27717201,[[0,332,376,420,421,377,378,422,379,423,424,380,335,291,247,246,245,244,243,242,286,330,374,418,419,375,331,287,288,289,333,334,290,203,202,201,200,199,198,154,155,156,157,158,159,0],[0,403,359,315,271,227,226,225,224,223,267,268,269,270,314,358,402,401,357,313,312,356,400,399,355,311,354,398,397,310,266,222,178,179,180,181,182,183,139,138,137,136,135,92,0],[0,215,259,303,347,391,436,434,433,389,388,432,431,430,429,386,342,343,299,255,254,298,387,344,345,346,390,302,301,300,256,257,258,214,213,212,211,210,166,167,168,169,170,171,0],[0,410,367,146,145,142,141,140,51,52,53,54,55,56,57,58,59,60,104,103,102,101,100,99,98,97,96,95,94,93,49,48,50,5,4,6,7,8,9,10,11,12,13,14,15,0],[0,435,77,78,79,80,81,82,83,84,85,86,87,44,45,46,47,90,91,130,129,128,127,126,125,124,123,122,76,32,33,34,35,36,37,38,39,40,41,42,43,1,2,3,0],[0,241,285,329,328,372,416,417,327,371,415,414,370,326,282,283,284,240,239,238,237,236,280,281,325,369,413,412,368,324,323,279,235,191,192,193,194,195,196,197,152,153,151,150,149,148,147,0],[0,319,318,317,273,272,316,360,404,405,361,406,362,363,407,408,364,320,276,277,233,232,231,187,188,189,190,234,278,322,366,411,409,365,321,275,274,230,229,228,184,185,186,143,144,0],[0,373,116,115,114,113,112,111,110,109,108,107,106,105,61,62,63,64,65,66,67,68,69,70,71,72,73,74,75,30,31,29,28,27,26,25,24,23,22,21,20,19,18,17,16,0],[0,439,395,351,307,264,265,309,353,352,396,308,349,348,392,393,437,438,394,350,306,305,304,260,261,262,263,220,221,177,176,219,218,217,216,172,173,174,175,132,133,134,89,88,131,0],[0,340,296,297,341,385,384,428,427,383,339,295,294,293,249,248,292,336,337,381,425,426,382,338,250,251,252,253,209,208,207,206,205,204,160,161,162,163,164,165,121,120,119,118,117,0]],inf,29.70793628692627
