Golden_17 RA KMEANS

energy,arcs,distance,time(ms)
89174.46260458614,[[0,148,207,208,188,213,128,212,153,68,0],[0,177,236,237,191,232,131,231,172,71,0],[0,140,199,127,200,187,205,204,145,67,0],[0,164,223,130,224,190,229,228,169,70,0],[0,161,220,221,189,216,215,129,156,69,0],[0,0,235,179,180,239,240,192,197,132,137,196,195,0],[0,27,86,146,147,206,182,201,87,93,88,8,0],[0,225,171,111,170,185,218,125,165,65,0],[0,103,163,222,217,159,219,210,184,162,124,157,102,0],[0,19,20,80,79,139,193,181,138,121,133,78,0],[0,0,160,101,100,41,155,96,9,36,95,154,35,0],[0,17,238,72,120,60,12,77,76,136,234,135,0],[0,0,29,34,149,89,94,123,142,82,63,31,3,0],[0,56,115,175,176,11,116,226,166,66,106,55,0],[0,227,168,109,10,104,44,49,108,167,107,48,158,98,47,0],[0,214,194,143,134,25,7,85,144,84,83,24,0],[0,33,91,202,152,211,209,183,151,92,28,32,22,0],[0,0,230,186,233,178,119,118,126,173,113,59,58,53,0],[0,198,75,16,174,61,114,18,73,15,1,13,54,0],[0,0,43,42,90,64,99,40,150,39,97,4,30,37,0],[0,117,52,112,57,51,110,50,45,38,5,105,46,6,0],[0,203,74,14,23,141,122,62,81,21,26,2,0]],inf,5.904372692108154
90295.10942758506,[[0,153,212,128,213,188,208,207,148,68,0],[0,177,236,237,191,232,131,231,172,71,0],[0,140,199,204,205,187,200,127,145,67,0],[0,164,223,130,224,190,229,228,169,70,0],[0,161,220,221,129,216,189,215,156,69,0],[0,0,235,195,196,137,180,239,240,192,197,132,179,0],[0,201,147,206,182,146,86,27,87,93,88,8,0],[0,225,171,111,170,185,218,125,165,65,0],[0,159,219,210,184,162,103,163,222,217,124,157,102,0],[0,0,19,20,80,79,139,138,181,193,121,133,78,0],[0,160,101,100,41,36,9,96,155,95,154,35,0],[0,238,72,120,12,60,17,76,77,136,135,234,0],[0,0,29,34,149,89,94,123,142,31,63,82,3,0],[0,175,56,115,116,11,176,226,166,66,106,55,0],[0,0,44,104,109,168,227,49,10,108,167,107,48,158,98,47,0],[0,0,214,143,194,144,85,7,25,84,83,24,134,0],[0,151,152,211,183,209,202,33,92,28,32,91,22,0],[0,230,186,233,178,119,173,126,118,113,59,58,53,0],[0,198,18,114,61,75,16,174,15,73,54,1,13,0],[0,150,40,99,39,90,42,43,64,97,4,37,30,0],[0,112,57,117,52,51,110,105,45,38,5,50,6,46,0],[0,203,122,141,62,81,21,26,2,14,74,23,0]],inf,5.901649236679077
89486.8343762271,[[0,148,207,208,188,213,128,212,153,68,0],[0,172,231,237,191,232,131,236,177,71,0],[0,140,199,127,200,187,205,204,145,67,0],[0,223,224,190,229,228,169,130,164,70,0],[0,161,220,221,189,216,129,215,156,69,0],[0,0,235,179,180,239,240,192,197,132,137,196,195,0],[0,146,147,206,182,201,86,27,87,8,93,88,0],[0,170,171,111,225,185,218,125,165,65,0],[0,219,159,162,222,163,103,217,184,210,124,157,102,0],[0,0,19,20,80,79,139,138,181,193,121,78,133,0],[0,0,41,101,100,160,155,96,9,36,95,154,35,0],[0,0,238,77,76,17,60,12,120,72,136,234,135,0],[0,0,29,34,94,89,149,123,142,31,63,82,3,0],[0,166,226,116,11,176,175,56,115,106,66,55,0],[0,227,168,109,10,104,44,49,108,167,107,48,158,47,98,0],[0,0,214,194,143,84,144,85,7,25,24,134,83,0],[0,211,152,151,183,209,202,28,92,33,32,91,22,0],[0,230,113,118,59,173,119,178,233,186,126,58,53,0],[0,198,75,16,15,73,61,174,114,18,1,54,13,0],[0,43,42,97,64,150,40,99,39,90,30,4,37,0],[0,0,117,57,112,52,51,110,50,45,38,5,105,46,6,0],[0,203,23,14,74,122,141,62,81,21,26,2,0]],inf,5.884064197540283
89787.79094210545,[[0,153,212,213,188,208,128,207,148,68,0],[0,177,236,237,191,232,131,231,172,71,0],[0,199,140,127,200,187,205,204,145,67,0],[0,228,229,190,224,223,164,130,169,70,0],[0,161,220,221,189,216,129,215,156,69,0],[0,0,235,180,137,196,195,132,197,192,240,239,179,0],[0,146,147,206,182,201,86,27,87,93,88,8,0],[0,225,111,171,170,185,218,125,165,65,0],[0,103,163,222,162,184,217,159,219,210,124,157,102,0],[0,19,20,80,79,139,193,181,138,121,78,133,0],[0,0,41,101,100,160,155,96,9,36,95,154,35,0],[0,234,136,135,76,77,238,72,120,12,60,17,0],[0,29,89,94,34,149,123,142,82,63,31,3,0],[0,175,116,11,176,226,166,115,56,66,106,55,0],[0,227,168,109,10,104,44,49,108,158,167,107,48,98,47,0],[0,0,214,143,194,144,85,7,25,84,24,134,83,0],[0,211,152,202,183,209,151,28,92,33,32,91,22,0],[0,230,113,59,118,119,178,233,186,126,173,58,53,0],[0,198,75,61,16,174,15,73,18,54,114,1,13,0],[0,150,40,99,39,97,43,42,90,64,37,30,4,0],[0,112,52,117,57,51,110,105,45,38,5,50,6,46,0],[0,203,23,26,21,14,74,141,122,62,81,2,0]],inf,5.907849311828613
90564.66224590565,[[0,148,207,128,208,188,213,212,153,68,0],[0,177,236,131,237,191,232,231,172,71,0],[0,199,140,127,200,187,205,204,145,67,0],[0,164,223,224,190,229,130,228,169,70,0],[0,161,220,221,189,215,216,129,156,69,0],[0,0,235,179,180,239,240,192,197,132,137,196,195,0],[0,27,86,201,182,146,206,147,87,88,93,8,0],[0,225,171,111,170,185,218,125,165,65,0],[0,222,163,103,159,219,210,217,184,162,124,102,157,0],[0,0,19,20,80,79,139,193,181,138,121,78,133,0],[0,0,41,101,100,160,155,96,9,36,95,154,35,0],[0,238,72,120,12,60,17,77,76,136,135,234,0],[0,29,34,149,89,94,123,142,31,63,82,3,0],[0,175,176,226,116,11,56,115,166,66,55,106,0],[0,47,44,104,109,168,227,167,158,49,10,108,107,48,98,0],[0,214,144,85,7,25,84,143,194,24,134,83,0],[0,0,151,152,211,209,183,202,92,28,32,33,91,22,0],[0,230,186,233,178,119,118,113,126,173,59,58,53,0],[0,198,75,16,174,61,114,15,73,18,13,1,54,0],[0,43,42,90,39,99,40,150,64,97,37,30,4,0],[0,112,57,117,52,51,50,110,105,45,38,5,6,46,0],[0,203,122,141,62,81,21,26,2,14,23,74,0]],inf,5.918781280517578
89871.511223419,[[0,148,207,208,188,213,128,212,153,68,0],[0,172,231,232,191,237,131,236,177,71,0],[0,140,199,127,200,187,205,204,145,67,0],[0,223,164,130,224,190,229,228,169,70,0],[0,220,161,215,216,189,221,129,156,69,0],[0,235,179,180,239,240,192,197,132,137,196,195,0],[0,0,27,86,146,147,206,182,201,87,93,88,8,0],[0,225,171,111,170,185,218,125,165,65,0],[0,219,159,162,124,210,184,217,222,163,103,157,102,0],[0,19,20,80,79,139,193,181,138,121,78,133,0],[0,41,101,100,160,155,96,9,36,95,154,35,0],[0,238,77,76,234,136,135,17,72,120,12,60,0],[0,29,89,149,34,94,123,142,82,63,31,3,0],[0,176,226,166,175,11,116,56,115,106,66,55,0],[0,227,168,109,10,104,44,49,108,167,158,48,107,98,47,0],[0,0,214,83,143,194,144,85,7,25,84,134,24,0],[0,209,151,152,211,183,202,28,92,33,32,91,22,0],[0,230,58,59,118,119,178,233,186,126,173,113,53,0],[0,198,75,61,174,16,15,54,73,18,114,1,13,0],[0,43,42,90,39,99,40,150,64,97,37,30,4,0],[0,117,52,112,57,51,50,110,105,45,38,5,6,46,0],[0,0,203,122,141,62,26,21,81,2,14,74,23,0]],inf,5.914665937423706
90930.10732629226,[[0,153,212,128,213,188,208,207,148,68,0],[0,172,231,232,191,237,131,236,177,71,0],[0,199,140,145,204,205,187,200,127,67,0],[0,223,164,130,224,190,229,228,169,70,0],[0,161,220,129,221,189,216,215,156,69,0],[0,0,235,239,179,180,197,192,240,132,137,196,195,0],[0,206,147,146,182,201,86,27,87,93,88,8,0],[0,225,111,171,170,185,218,125,165,65,0],[0,162,103,163,222,219,159,124,210,184,217,102,157,0],[0,0,19,20,79,80,139,193,181,138,121,133,78,0],[0,41,101,100,160,96,155,9,36,95,154,35,0],[0,238,72,120,12,60,17,77,76,136,135,234,0],[0,0,29,89,94,34,149,123,142,82,63,31,3,0],[0,175,116,11,176,226,166,56,115,66,106,55,0],[0,227,168,109,10,104,44,49,108,167,107,48,158,98,47,0],[0,0,214,83,84,25,7,85,144,194,143,134,24,0],[0,211,152,151,209,183,202,92,33,32,28,91,22,0],[0,230,186,233,178,119,118,126,173,58,59,113,53,0],[0,198,75,61,114,15,16,174,18,73,13,54,1,0],[0,43,42,90,64,99,40,150,39,97,37,30,4,0],[0,112,57,117,52,110,50,5,38,45,105,51,6,46,0],[0,203,122,141,62,26,21,81,2,14,74,23,0]],inf,5.901936292648315
89995.11448966418,[[0,148,207,208,188,213,128,212,153,68,0],[0,172,231,232,237,191,131,236,177,71,0],[0,140,199,200,187,205,127,204,145,67,0],[0,164,223,130,224,190,229,228,169,70,0],[0,161,220,129,221,189,216,215,156,69,0],[0,235,179,180,239,240,192,197,132,137,196,195,0],[0,201,147,206,182,146,86,27,87,88,93,8,0],[0,218,185,170,171,111,225,165,125,65,0],[0,159,219,210,184,162,124,217,222,163,103,102,157,0],[0,0,19,20,80,79,139,138,181,193,121,78,133,0],[0,41,100,101,160,96,155,9,36,95,154,35,0],[0,135,136,234,76,77,120,72,238,12,60,17,0],[0,0,29,34,149,89,94,31,142,123,63,82,3,0],[0,175,176,226,116,11,56,115,166,66,106,55,0],[0,0,227,168,109,10,104,44,49,108,167,107,48,158,98,47,0],[0,0,214,143,194,83,144,85,7,25,84,134,24,0],[0,202,152,211,183,209,151,28,92,33,32,91,22,0],[0,230,118,59,113,173,119,178,233,186,126,58,53,0],[0,198,174,16,75,15,114,13,73,61,18,54,1,0],[0,39,90,42,43,150,40,99,64,97,4,37,30,0],[0,0,38,112,52,117,57,51,110,105,45,50,5,46,6,0],[0,0,203,141,122,23,14,74,62,26,21,81,2,0]],inf,5.896247625350952
89736.0061011306,[[0,208,188,213,212,153,128,207,148,68,0],[0,177,236,131,237,191,232,231,172,71,0],[0,140,199,127,200,187,205,204,145,67,0],[0,164,223,224,190,229,130,228,169,70,0],[0,161,220,221,189,216,129,215,156,69,0],[0,0,235,179,180,239,240,192,197,132,137,196,195,0],[0,27,86,147,206,201,182,146,87,93,88,8,0],[0,225,111,171,170,185,218,125,165,65,0],[0,159,219,210,184,217,103,163,222,162,124,102,157,0],[0,0,19,20,80,79,139,193,181,138,121,78,133,0],[0,160,101,100,41,36,9,96,155,95,154,35,0],[0,0,238,135,77,76,234,136,72,120,12,60,17,0],[0,0,29,89,94,34,149,123,142,82,63,31,3,0],[0,175,115,56,116,11,176,226,166,66,106,55,0],[0,227,168,109,10,104,44,49,108,167,158,48,107,47,98,0],[0,214,194,143,84,144,85,7,25,24,83,134,0],[0,209,202,152,211,183,151,92,33,32,28,91,22,0],[0,230,186,233,178,119,173,126,118,58,59,113,53,0],[0,198,174,16,75,61,114,15,73,18,54,1,13,0],[0,97,42,43,64,150,40,99,39,90,37,4,30,0],[0,38,117,57,112,52,51,110,50,45,105,5,6,46,0],[0,203,122,141,62,26,21,81,2,14,74,23,0]],inf,5.8874523639678955
89354.24655934105,[[0,148,207,208,188,213,128,212,153,68,0],[0,172,231,131,232,191,237,236,177,71,0],[0,140,199,200,187,205,127,204,145,67,0],[0,223,164,130,224,190,229,228,169,70,0],[0,161,220,221,189,216,129,215,156,69,0],[0,235,179,180,239,240,192,197,132,137,196,195,0],[0,0,27,86,201,147,206,182,146,87,8,93,88,0],[0,225,111,171,170,185,218,125,165,65,0],[0,103,163,222,217,210,219,159,184,162,124,157,102,0],[0,19,20,80,79,139,138,181,193,121,78,133,0],[0,0,41,101,100,160,155,96,9,36,95,154,35,0],[0,238,120,72,135,136,234,76,77,12,60,17,0],[0,29,89,94,34,149,123,142,82,63,31,3,0],[0,226,176,175,116,11,56,115,166,66,55,106,0],[0,227,168,109,10,104,44,49,108,167,107,48,158,47,98,0],[0,0,214,143,194,144,85,7,25,84,134,24,83,0],[0,202,209,183,211,152,151,28,92,33,32,91,22,0],[0,230,186,233,178,119,118,113,59,173,126,58,53,0],[0,0,198,174,61,75,16,15,73,18,114,1,13,54,0],[0,43,42,97,39,150,40,99,64,90,30,37,4,0],[0,117,57,112,52,110,50,5,38,45,105,51,46,6,0],[0,203,122,141,62,26,21,81,2,14,74,23,0]],inf,5.914491415023804
