Golden_3 RA KMEANS

energy,arcs,distance,time(ms)
7025895.2446702095,[[0,209,169,168,167,207,208,248,288,328,368,367,327,287,247,249,289,329,369,370,330,290,250,210,211,251,291,331,371,332,292,252,212,172,171,170,131,130,129,128,127,88,89,90,91,0],[0,313,353,394,352,312,272,232,192,193,151,152,153,154,155,195,194,234,233,273,351,311,231,191,190,150,149,109,108,107,69,70,71,72,73,74,75,76,77,117,116,115,114,113,112,111,110,0],[0,92,87,86,85,84,82,81,78,79,80,41,42,43,44,45,46,47,48,49,50,51,52,53,13,14,12,11,10,9,8,7,6,5,4,3,2,1,40,39,38,37,36,35,34,33,32,0],[0,0,399,229,269,270,271,310,350,390,391,389,349,309,308,348,388,387,347,307,267,268,228,227,226,266,306,346,386,385,345,305,265,225,185,186,187,188,189,230,148,147,146,145,106,0],[0,0,157,156,196,197,237,277,317,357,397,396,356,316,276,236,235,275,274,314,354,393,395,355,315,238,239,240,280,279,319,359,360,398,358,318,278,198,199,200,160,159,158,118,119,120,0],[0,0,392,180,181,221,261,301,341,381,380,340,300,260,259,299,339,379,378,298,219,220,179,139,140,141,142,143,144,184,224,264,304,303,343,383,382,342,302,262,222,223,263,183,182,0],[0,364,324,284,244,204,203,202,201,241,320,400,361,321,281,282,322,362,363,323,283,243,242,161,162,163,164,165,205,245,285,325,365,366,326,286,246,206,166,126,125,124,123,122,121,83,0],[0,372,344,384,62,61,60,59,58,57,56,55,54,97,98,99,100,101,102,103,104,105,65,66,67,68,31,30,29,28,27,26,24,25,23,22,21,17,16,15,19,18,20,63,64,338,0],[0,336,296,256,216,217,177,176,175,174,173,213,253,293,333,373,374,334,294,254,214,215,255,295,335,375,376,377,337,297,257,258,218,178,138,137,136,135,134,133,132,93,94,95,96,0]],inf,27.178130626678467
7048423.229942094,[[0,248,288,328,368,367,327,287,247,207,208,209,249,289,329,369,370,330,290,250,210,211,251,291,331,371,332,292,252,212,172,171,170,169,168,167,127,128,129,130,131,91,90,89,88,0],[0,394,353,313,273,272,312,352,351,311,193,192,191,190,231,232,233,234,194,195,155,154,153,152,151,150,149,110,109,108,107,111,112,113,114,115,116,117,77,76,75,74,73,72,71,70,69,0],[0,0,52,53,92,49,50,51,48,87,86,85,84,82,81,78,79,80,41,42,43,44,45,46,47,7,8,9,10,11,12,13,14,6,5,4,3,2,1,40,39,38,37,36,35,34,33,32,0],[0,0,399,230,229,269,309,349,348,308,268,228,227,267,307,347,387,388,389,390,391,350,310,270,271,189,188,187,186,226,266,306,346,386,385,345,305,265,225,185,145,146,147,148,106,0],[0,354,393,274,314,315,355,395,396,356,316,276,235,275,236,237,277,317,357,397,398,358,318,278,238,239,279,319,359,360,280,240,200,199,198,197,196,156,157,158,159,160,120,119,118,0],[0,0,392,264,304,303,343,383,382,342,302,301,261,221,222,263,262,220,260,300,340,341,381,380,379,378,339,299,298,259,219,179,180,181,182,183,184,224,223,144,143,142,141,140,139,0],[0,201,241,281,321,361,400,320,242,282,322,362,363,323,283,243,244,284,324,364,365,325,285,245,205,206,246,286,326,366,204,203,202,161,162,163,164,165,166,126,125,124,123,122,121,83,0],[0,372,338,15,16,17,18,19,20,21,22,23,24,25,26,27,28,29,30,31,68,67,66,65,64,63,62,61,60,59,58,57,56,54,55,97,98,99,100,101,102,103,104,105,344,384,0],[0,0,132,173,174,175,176,177,217,216,256,296,295,255,215,214,213,253,293,333,373,374,334,294,254,335,375,336,376,377,337,297,257,258,218,178,138,137,136,135,134,133,93,94,95,96,0]],inf,27.300058841705322
7112630.448866547,[[0,289,329,369,370,330,290,250,249,168,169,170,171,172,212,252,292,332,371,331,291,251,211,210,209,208,248,288,328,368,367,327,287,247,207,167,127,128,129,130,131,91,90,89,88,0],[0,0,312,272,232,233,234,273,313,353,394,352,351,311,231,191,190,150,151,152,153,154,155,195,194,193,192,149,108,107,109,110,111,112,113,114,115,116,117,77,76,75,74,73,72,71,70,69,0],[0,0,81,82,84,85,86,87,48,49,50,51,52,53,92,47,46,45,44,43,42,41,80,79,78,38,37,36,35,34,33,32,39,40,1,2,3,4,5,6,7,8,9,10,11,12,13,14,0],[0,399,271,270,310,309,349,350,390,391,389,388,348,308,268,269,229,230,189,188,187,186,185,225,265,305,345,385,346,386,387,347,307,267,228,227,226,266,306,145,146,147,148,106,0],[0,0,157,156,196,236,276,275,235,274,314,354,393,355,315,316,356,396,395,397,357,317,277,278,318,358,398,359,360,319,279,280,240,239,238,237,197,198,199,200,160,159,158,118,119,120,0],[0,392,302,301,261,260,300,340,380,379,378,298,299,259,339,381,341,342,382,383,343,303,304,264,224,183,184,144,143,142,141,140,139,179,219,220,221,222,223,263,262,182,181,180,0],[0,0,400,361,321,281,320,161,162,163,164,165,205,204,244,284,324,364,245,285,325,365,366,326,286,246,206,166,126,125,124,123,122,121,201,241,242,282,322,362,363,323,283,243,203,202,83,0],[0,372,338,97,98,99,100,101,102,103,104,105,65,66,67,68,31,30,29,28,27,26,25,24,23,22,21,20,19,18,17,16,15,55,54,56,57,58,59,60,61,62,63,64,344,384,0],[0,217,216,218,258,257,297,337,377,376,336,296,256,334,294,254,214,174,173,213,253,293,333,373,374,375,335,295,255,215,175,176,177,178,137,138,136,135,134,133,132,93,94,95,96,0]],inf,27.235754251480103
7213394.676394034,[[0,0,172,212,252,292,332,371,370,330,290,250,210,211,251,291,331,369,329,289,249,209,208,248,288,328,368,367,327,287,247,207,167,168,169,170,171,131,130,129,128,127,88,89,90,91,0],[0,394,353,313,312,352,351,311,272,232,233,234,273,231,190,191,192,153,154,155,195,194,193,152,151,150,149,109,108,107,69,70,71,72,73,74,75,76,77,117,116,115,114,113,112,111,110,0],[0,81,82,84,85,86,87,50,51,52,53,92,49,48,47,46,45,44,43,42,41,80,79,78,38,37,36,35,34,33,32,39,40,1,2,3,4,5,6,7,8,9,10,11,12,13,14,0],[0,0,399,271,270,310,350,390,391,389,349,309,269,229,230,189,188,187,227,267,307,347,387,388,348,308,268,228,266,306,346,386,385,345,305,265,225,185,186,226,145,146,147,148,106,0],[0,0,238,237,236,235,275,315,316,276,274,314,354,393,395,355,356,396,397,357,317,277,278,318,358,398,319,359,360,280,279,239,240,200,199,198,197,196,156,157,158,159,160,120,119,118,0],[0,0,392,184,183,182,181,180,220,221,261,342,382,383,343,263,262,222,223,224,264,304,303,302,301,341,381,380,340,300,260,259,299,339,379,378,298,219,179,139,140,141,142,143,144,0],[0,0,201,241,281,320,321,361,400,362,322,282,242,243,283,323,363,364,324,285,245,205,206,246,286,326,366,365,325,284,244,204,203,202,162,161,121,122,123,124,125,126,166,165,164,163,83,0],[0,372,384,344,26,25,24,23,22,21,20,19,18,17,16,15,55,54,56,57,58,59,60,61,63,64,65,66,67,68,28,27,29,30,31,62,102,103,104,105,101,100,99,97,98,338,0],[0,256,257,297,337,377,376,336,296,295,255,215,214,213,253,293,333,373,374,375,335,334,294,254,216,217,218,258,178,177,176,175,174,173,132,133,134,135,136,137,138,96,95,94,93,0]],inf,27.263161420822144
6579795.526661719,[[0,0,172,212,252,292,332,371,331,291,251,211,210,250,290,330,370,369,329,289,249,209,208,248,288,328,368,367,327,287,247,207,167,168,169,170,171,131,130,129,128,127,88,89,90,91,0],[0,312,311,351,352,353,394,273,313,232,272,231,191,192,193,233,234,194,195,155,154,153,152,151,150,149,190,107,108,109,110,111,112,113,114,115,116,117,77,76,75,74,73,72,71,70,69,0],[0,0,87,86,85,84,82,81,41,80,79,78,42,43,44,45,46,47,48,49,50,51,52,53,92,13,14,12,11,10,9,8,7,6,5,4,3,2,1,40,39,38,37,36,35,34,33,32,0],[0,0,399,271,270,310,350,390,391,389,349,309,269,268,308,348,388,387,347,307,306,346,386,385,345,305,265,225,226,266,267,227,187,188,228,229,230,189,148,147,146,145,185,186,106,0],[0,0,274,314,354,393,355,395,396,356,316,276,275,315,317,357,397,398,358,318,319,359,360,280,240,200,199,198,197,157,156,196,235,236,237,277,278,279,239,238,158,159,160,120,119,118,0],[0,0,392,304,264,224,184,183,182,181,220,260,300,340,341,381,380,339,379,378,298,299,259,219,261,301,262,302,342,382,383,343,303,263,223,222,221,180,179,139,140,141,142,143,144,0],[0,0,201,241,281,321,320,400,361,362,322,282,242,202,203,204,205,206,246,286,326,366,365,325,285,245,244,284,324,364,363,323,283,243,162,161,121,122,123,124,125,126,166,165,164,163,83,0],[0,384,344,338,372,54,55,56,57,58,59,60,61,62,63,64,65,66,67,68,105,104,103,102,101,100,99,98,97,18,17,16,15,19,20,22,21,23,24,26,25,27,28,29,30,31,0],[0,0,296,256,295,335,375,376,336,337,377,297,257,258,218,217,216,176,177,178,138,137,136,135,133,132,173,174,214,213,253,293,333,373,374,334,294,254,255,215,175,134,93,94,95,96,0]],inf,27.16634202003479
7137044.808716794,[[0,0,248,288,249,289,329,369,328,368,367,327,287,247,207,208,209,210,211,212,252,292,332,291,331,371,370,330,290,250,251,172,171,170,169,168,167,127,128,129,130,131,91,90,89,88,0],[0,313,353,394,273,272,312,352,351,311,193,192,191,190,231,232,233,234,194,195,154,155,153,152,151,150,149,108,107,109,110,111,112,113,114,115,116,117,77,76,75,74,73,72,71,70,69,0],[0,92,87,86,85,84,82,81,78,79,80,41,42,43,44,45,46,47,48,49,50,51,52,53,14,13,12,11,10,9,8,7,6,5,4,3,2,1,40,39,38,37,36,35,34,33,32,0],[0,0,399,269,268,308,309,349,389,390,391,310,350,229,228,227,226,186,187,188,189,230,271,270,348,388,387,347,307,267,266,265,305,345,385,386,346,306,225,185,145,146,147,148,106,0],[0,277,317,357,397,396,356,316,276,275,315,355,395,354,393,314,274,235,236,237,238,278,318,358,398,359,360,319,279,239,240,280,200,199,198,197,196,156,157,158,159,160,120,119,118,0],[0,392,141,300,340,298,299,339,379,378,380,381,341,301,260,220,181,140,139,179,180,219,259,221,261,302,342,382,383,343,303,222,223,224,264,304,263,262,182,183,184,144,143,142,0],[0,0,281,241,320,400,361,321,322,362,363,364,324,284,244,245,285,325,365,366,326,286,246,206,205,204,164,165,166,126,125,124,123,122,121,161,162,202,201,283,323,282,242,243,203,163,83,0],[0,338,372,54,55,56,57,58,59,60,61,62,63,64,65,66,67,68,29,30,31,28,27,26,25,24,23,22,21,20,19,18,17,16,15,98,97,99,100,101,102,103,104,105,344,384,0],[0,336,296,256,216,217,176,177,137,136,135,134,133,132,173,174,175,215,214,213,253,293,333,373,374,334,294,254,255,295,335,375,376,377,337,297,257,258,218,178,138,96,95,94,93,0]],inf,27.220741033554077
6824433.472017895,[[0,88,208,207,248,288,328,368,367,327,287,247,249,289,329,369,370,330,290,250,210,170,171,172,212,252,292,332,331,371,291,251,211,209,169,168,167,127,128,129,130,131,91,90,89,0],[0,195,194,193,192,232,233,234,273,272,312,313,353,394,352,351,311,231,191,190,149,150,151,152,153,154,155,117,116,115,114,113,112,111,110,109,108,107,69,70,71,72,73,74,75,76,77,0],[0,87,86,85,84,82,81,78,79,80,41,42,43,44,45,46,47,48,49,50,51,52,53,92,11,12,13,14,10,9,8,7,6,5,4,3,2,1,40,39,38,37,36,35,34,33,32,0],[0,0,399,188,187,186,185,225,265,305,345,385,386,346,306,266,226,227,228,268,267,307,347,387,388,348,308,309,349,389,350,390,391,271,270,310,269,229,230,189,148,147,146,145,106,0],[0,0,393,354,314,274,275,315,355,395,396,356,357,397,398,358,318,278,277,237,238,198,199,200,240,239,279,280,360,359,319,317,316,276,236,235,196,197,157,156,158,159,160,120,119,118,0],[0,0,392,224,223,263,264,304,303,343,383,382,342,302,262,222,182,181,221,261,301,341,381,380,340,300,259,299,339,379,378,298,260,220,219,179,180,140,139,141,142,143,144,184,183,0],[0,0,244,245,285,205,204,203,202,201,241,281,321,361,400,320,243,242,282,322,362,363,323,283,284,324,364,325,365,366,326,286,246,206,166,165,164,163,162,161,121,122,123,124,125,126,83,0],[0,344,384,338,372,55,54,16,15,17,18,19,20,21,22,23,24,25,26,27,28,29,30,31,68,67,66,65,63,62,61,60,59,58,57,56,97,98,99,100,101,102,103,104,105,64,0],[0,215,216,217,218,258,257,297,337,377,376,336,296,256,255,295,335,375,294,334,374,373,333,293,253,254,214,213,173,174,175,176,177,178,138,137,136,135,134,133,132,93,94,95,96,0]],inf,27.236595153808594
6774451.606677879,[[0,248,288,328,368,367,327,287,247,207,208,209,249,289,329,369,370,330,290,252,292,332,331,371,291,251,250,210,211,212,172,171,170,169,168,167,127,128,129,130,131,91,90,89,88,0],[0,0,234,233,273,313,353,394,312,352,351,311,272,232,231,191,190,192,193,194,195,155,154,153,152,112,111,110,109,108,107,149,150,151,113,114,115,116,117,77,76,75,74,73,72,71,70,69,0],[0,46,45,44,43,42,41,80,79,78,81,82,84,85,86,87,47,48,49,50,51,52,53,92,12,13,14,11,10,9,8,7,6,5,4,3,2,1,40,39,38,37,36,35,34,33,32,0],[0,0,399,271,230,229,228,227,226,225,265,266,306,305,345,385,386,346,387,347,307,267,268,308,348,388,389,349,350,390,391,310,270,269,309,189,188,187,186,185,145,146,147,148,106,0],[0,274,314,354,393,395,355,315,275,235,236,276,316,356,396,397,357,317,277,237,238,278,318,358,398,279,319,359,360,280,240,239,200,199,198,197,196,156,157,158,159,160,120,119,118,0],[0,0,392,183,182,181,180,220,260,259,219,298,378,379,339,299,300,340,380,381,341,301,261,221,222,262,302,342,382,383,343,303,263,223,224,264,304,184,144,143,142,141,140,139,179,0],[0,0,400,361,321,281,320,241,242,282,322,362,363,323,283,243,244,284,324,364,365,325,285,286,326,366,246,206,205,245,204,203,202,201,161,162,163,164,165,166,126,125,124,123,122,121,83,0],[0,338,372,344,384,105,104,103,102,101,100,99,98,97,56,55,54,15,16,17,18,19,20,21,22,23,24,25,26,27,28,29,30,31,68,67,66,65,64,63,62,61,60,59,58,57,0],[0,377,337,297,296,336,376,375,335,295,255,215,214,254,294,334,374,373,333,293,253,213,173,174,135,136,137,138,178,177,217,218,258,257,256,216,176,175,134,133,132,93,94,95,96,0]],inf,27.14914298057556
7222108.225701576,[[0,328,288,289,249,290,250,210,170,171,172,212,211,251,252,292,332,291,331,371,370,330,329,369,368,367,327,287,247,207,208,248,209,169,168,167,127,128,129,130,131,91,90,89,88,0],[0,0,273,272,312,313,353,394,352,351,311,231,232,233,234,195,194,193,192,191,190,149,150,151,152,153,154,155,75,76,77,117,116,115,114,113,112,111,110,109,108,107,69,70,71,72,73,74,0],[0,53,92,52,51,50,49,48,47,46,45,44,43,42,41,80,79,78,81,82,84,85,86,87,14,13,12,11,10,9,8,7,6,5,4,3,2,1,40,39,38,37,36,35,34,33,32,0],[0,0,399,269,270,229,230,271,310,350,391,390,389,349,309,308,348,388,387,347,307,306,346,386,385,345,305,266,265,225,226,227,228,268,267,185,186,187,188,189,148,147,146,145,106,0],[0,0,316,356,317,357,358,398,397,396,395,355,354,393,314,274,275,315,276,277,237,238,278,318,319,359,360,280,279,239,240,200,199,198,197,196,236,235,156,157,158,159,160,120,119,118,0],[0,0,392,263,264,304,303,302,342,341,301,261,221,220,180,181,182,183,184,224,223,222,262,343,383,382,381,260,300,340,380,379,339,378,298,299,259,219,179,139,140,141,142,143,144,0],[0,0,161,201,241,281,321,361,400,320,362,322,282,242,202,203,243,283,323,363,364,324,284,244,204,164,165,205,245,285,325,365,366,326,286,246,206,166,126,125,124,123,163,162,121,122,83,0],[0,344,384,338,98,99,68,67,66,65,64,63,105,104,103,102,101,100,62,61,60,59,58,57,56,55,54,15,16,17,18,19,20,21,22,23,25,24,26,27,28,29,30,31,97,372,0],[0,336,296,256,216,215,214,213,253,293,333,373,374,334,294,254,255,295,335,375,376,377,337,297,257,258,218,217,177,178,138,137,136,135,134,133,132,173,174,175,176,96,95,94,93,0]],inf,27.162970542907715
7300029.851129328,[[0,210,209,208,207,247,287,327,367,368,328,288,248,249,250,290,330,370,369,329,289,252,292,332,371,331,291,251,211,212,172,171,170,169,168,167,127,128,129,130,131,91,90,89,88,0],[0,193,192,191,190,231,232,272,312,352,351,311,313,353,394,273,233,234,194,195,155,154,153,152,151,150,149,109,108,107,69,70,71,72,73,74,75,76,77,116,117,115,114,113,112,111,110,0],[0,87,86,85,84,82,81,79,78,80,41,42,43,44,45,46,47,48,49,50,51,52,53,92,12,13,14,11,10,9,8,7,6,5,4,3,2,1,40,39,38,37,36,35,34,33,32,0],[0,0,399,391,390,350,310,309,349,389,388,348,308,268,228,229,189,188,148,147,146,145,185,225,265,305,345,385,386,346,306,266,226,186,187,227,267,307,347,387,269,270,271,230,106,0],[0,357,317,277,237,236,276,275,235,274,314,354,393,395,355,315,316,356,396,397,398,358,318,278,238,239,279,319,359,360,280,240,200,160,159,158,157,156,196,197,198,199,118,119,120,0],[0,0,392,182,181,180,179,220,260,300,340,380,381,341,301,261,262,302,342,382,383,343,264,304,303,263,223,224,184,183,222,221,219,259,299,339,379,378,298,139,140,141,142,143,144,0],[0,201,241,320,400,361,321,281,282,322,362,363,323,283,284,324,364,365,325,285,245,205,206,246,286,326,366,244,204,203,243,242,202,162,161,121,122,123,124,125,126,166,165,164,163,83,0],[0,344,384,338,100,101,102,103,104,105,64,65,66,67,68,27,28,29,30,31,25,26,24,23,22,21,20,19,18,17,16,15,54,55,56,57,58,59,60,61,62,63,99,98,97,372,0],[0,336,296,256,216,176,175,174,173,213,253,293,333,373,374,334,294,254,214,215,255,295,335,375,376,377,337,297,257,258,218,217,177,137,138,178,136,135,134,133,132,93,94,95,96,0]],inf,27.142122507095337
