Golden_3 RA KMEANS

energy,arcs,distance,time(ms)
7140904.943236408,[[0,0,168,167,207,247,287,327,367,368,328,288,248,208,249,289,329,369,370,330,290,291,331,371,332,292,252,212,211,251,250,210,209,169,170,171,172,131,130,129,128,127,88,89,90,91,0],[0,312,272,232,233,231,311,351,352,353,394,313,273,234,194,195,155,154,153,152,151,150,149,190,191,192,193,113,112,111,110,109,108,107,69,70,71,72,73,74,75,76,77,117,116,115,114,0],[0,53,92,87,86,85,84,82,81,41,80,78,79,42,43,44,45,46,47,48,49,50,51,52,12,13,14,11,10,9,8,7,6,5,4,3,2,1,40,39,38,37,36,35,34,33,32,0],[0,0,399,230,271,270,310,350,390,391,389,349,309,269,268,308,348,388,387,347,307,267,266,265,305,345,385,386,346,306,226,225,185,186,187,188,189,229,228,227,148,147,146,145,106,0],[0,0,237,277,317,316,276,236,235,275,274,314,354,393,315,355,395,396,356,357,397,358,398,319,359,360,318,278,279,280,240,239,238,198,197,196,156,157,158,159,199,200,160,119,120,118,0],[0,0,392,340,300,260,261,221,222,223,224,264,304,263,303,343,383,382,342,302,262,301,341,381,380,379,378,298,339,299,259,219,220,180,181,182,183,184,144,143,142,141,140,139,179,0],[0,0,201,241,281,320,400,361,321,362,322,282,242,202,203,204,244,245,205,206,246,286,326,366,365,325,285,284,324,364,363,323,283,243,162,161,121,122,123,124,125,126,166,165,164,163,83,0],[0,372,338,98,97,99,100,101,102,103,104,105,65,64,63,62,61,60,59,58,57,56,55,54,15,16,17,18,19,20,21,22,23,24,25,26,27,28,29,30,31,68,67,66,344,384,0],[0,377,337,297,257,258,218,178,177,176,175,174,173,213,253,293,333,373,334,374,294,254,214,215,255,295,335,375,376,336,296,256,216,217,138,137,136,135,134,133,132,93,94,95,96,0]],inf,28.585991621017456
6827092.607717531,[[0,328,288,248,249,209,208,168,169,170,210,211,171,172,212,252,292,332,331,371,370,330,290,291,251,250,289,329,369,368,367,327,287,247,207,167,127,128,129,130,131,91,90,89,88,0],[0,311,351,312,352,353,394,313,273,232,231,272,233,234,194,193,192,191,190,149,150,151,152,153,154,155,195,75,76,77,117,116,115,114,113,112,111,110,109,108,107,69,70,71,72,73,74,0],[0,81,82,84,85,86,87,92,51,52,53,50,49,48,47,46,45,44,43,42,41,80,79,78,33,32,34,35,36,37,38,39,40,1,2,3,4,5,6,7,8,9,10,11,12,13,14,0],[0,0,399,230,229,269,309,349,389,390,391,350,310,270,271,189,188,228,227,226,266,265,305,345,385,386,346,306,307,347,387,388,348,308,268,267,225,185,186,187,148,147,146,145,106,0],[0,274,314,354,393,315,355,395,396,356,316,317,357,397,398,358,318,278,238,198,197,196,237,236,235,275,276,277,279,319,359,360,280,240,239,199,200,160,159,158,157,156,118,119,120,0],[0,0,392,144,143,182,181,180,179,219,220,260,259,299,339,379,378,298,300,340,380,381,341,301,382,342,302,262,261,221,222,223,263,303,343,383,304,264,224,184,183,142,141,140,139,0],[0,246,286,326,366,365,325,285,245,244,284,324,364,363,323,283,243,242,282,322,362,321,361,400,320,281,241,201,202,203,204,205,206,166,165,164,163,162,161,121,122,123,124,125,126,83,0],[0,384,344,338,372,54,55,56,57,58,59,60,61,62,63,64,65,66,67,68,28,29,30,31,24,23,22,21,20,19,18,17,16,15,25,26,27,105,104,103,102,101,100,99,98,97,0],[0,0,138,137,136,176,177,178,218,258,257,297,337,377,376,336,296,256,217,216,215,255,295,335,375,374,334,333,373,253,293,294,254,214,213,173,174,175,135,134,133,132,93,94,95,96,0]],inf,28.6409273147583
7011445.251866693,[[0,0,369,329,289,249,248,288,328,368,367,327,287,247,207,208,209,210,211,251,250,290,330,370,371,331,291,292,332,252,212,172,171,170,169,129,128,127,167,168,130,131,91,90,89,88,0],[0,394,234,194,193,233,232,192,272,273,313,353,352,311,312,351,231,191,190,150,151,152,153,154,155,195,113,112,111,149,110,109,108,107,69,70,71,72,73,74,75,76,77,117,116,115,114,0],[0,45,44,43,42,41,80,79,78,81,82,84,85,86,87,46,47,48,49,50,51,52,53,92,13,14,12,11,10,9,8,7,6,5,4,3,2,1,40,39,38,37,36,35,34,33,32,0],[0,0,399,271,270,230,229,228,189,188,148,147,146,145,185,225,265,305,345,385,386,346,306,266,267,307,347,387,388,349,389,390,391,350,310,309,308,348,268,269,227,226,186,187,106,0],[0,0,274,314,354,393,395,355,315,276,236,235,275,316,356,396,397,357,317,277,278,318,358,398,360,359,319,279,239,240,280,238,237,197,196,156,157,158,159,160,200,199,198,118,119,120,0],[0,392,221,222,261,301,341,381,380,340,300,260,259,299,339,379,378,298,219,220,180,179,139,140,141,142,143,144,184,224,264,304,303,343,383,382,342,302,262,263,223,183,182,181,0],[0,0,242,241,281,321,361,400,320,282,322,362,363,323,283,243,244,284,324,364,365,325,285,286,326,366,246,245,205,206,166,165,164,163,123,122,121,161,162,201,202,203,204,124,125,126,83,0],[0,344,384,338,372,54,55,56,57,58,59,60,61,62,63,64,65,66,67,68,31,30,29,28,27,26,25,24,23,21,22,20,19,18,17,16,15,105,104,103,102,101,100,99,98,97,0],[0,218,258,257,217,216,256,296,297,337,377,336,376,375,335,295,255,215,214,213,253,293,333,373,374,334,294,254,173,174,175,176,177,178,138,137,136,135,134,133,132,93,94,95,96,0]],inf,28.667956829071045
6879569.232045807,[[0,0,169,170,171,172,212,252,292,332,371,331,291,251,211,210,250,290,330,370,369,329,289,249,209,208,248,288,328,368,327,367,287,247,207,167,168,127,128,129,130,131,91,90,89,88,0],[0,234,233,273,313,353,394,352,312,272,311,351,232,231,191,190,149,150,151,152,153,154,155,195,194,193,192,111,112,113,114,115,116,117,77,76,75,74,73,72,71,70,69,110,109,108,107,0],[0,92,87,86,85,84,82,81,79,78,80,41,42,43,44,45,46,47,48,49,50,51,52,53,13,14,12,11,10,9,8,7,6,5,4,3,2,1,40,39,38,37,36,35,34,33,32,0],[0,0,399,271,230,270,310,350,390,391,389,349,309,269,229,189,188,187,186,185,225,265,305,345,385,386,346,306,266,267,268,308,348,388,387,347,307,226,227,228,148,147,146,145,106,0],[0,356,396,397,357,358,398,359,360,280,240,239,279,319,237,197,196,236,235,275,274,314,354,393,395,355,315,316,276,277,317,318,278,238,198,199,200,160,159,158,157,156,118,119,120,0],[0,0,392,304,264,224,223,222,221,181,182,141,140,139,179,180,220,219,260,300,340,339,299,259,298,378,379,380,381,341,301,261,262,302,342,382,383,343,303,263,183,184,143,144,142,0],[0,320,281,321,361,400,362,322,282,283,323,363,364,324,284,244,243,242,241,201,202,203,163,162,161,121,122,123,124,125,126,165,164,204,205,245,285,325,365,366,326,286,246,206,166,83,0],[0,344,384,372,338,98,97,54,55,56,57,58,59,60,61,62,63,64,15,16,17,18,19,20,21,22,23,24,25,26,27,28,29,30,31,67,66,65,68,105,104,103,101,102,100,99,0],[0,297,337,377,336,376,375,335,295,296,256,216,217,257,258,218,178,177,176,175,174,173,213,253,293,333,373,374,334,294,254,255,215,214,132,133,134,135,136,137,138,96,95,94,93,0]],inf,28.76335310935974
6557807.894016605,[[0,369,329,289,249,248,288,328,368,367,327,287,247,207,208,168,169,170,171,172,212,211,251,252,292,332,291,331,371,370,330,290,250,210,209,167,127,128,129,130,131,90,91,89,88,0],[0,311,351,352,312,313,353,394,273,272,232,231,191,192,193,153,154,155,195,194,234,233,152,151,150,190,149,107,108,109,110,111,112,113,114,115,116,117,77,76,75,74,73,72,71,70,69,0],[0,92,87,86,85,84,82,81,78,79,80,41,42,43,44,45,46,47,48,49,50,51,52,53,14,13,12,11,10,9,8,7,6,5,4,3,2,1,40,39,38,37,36,35,34,33,32,0],[0,399,309,349,389,310,350,390,391,271,270,230,229,228,188,187,186,185,225,265,305,345,385,386,346,306,266,226,227,267,307,347,387,388,348,308,268,269,189,148,147,146,145,106,0],[0,200,240,280,279,319,359,360,358,398,318,278,277,317,357,397,396,356,316,276,275,274,314,354,393,395,355,315,235,236,237,238,239,199,198,197,196,156,157,158,159,160,120,119,118,0],[0,0,392,262,261,260,300,340,380,381,341,301,302,342,382,383,343,303,263,224,264,304,223,222,221,220,219,259,299,339,379,378,298,179,180,181,182,183,184,144,143,142,141,140,139,0],[0,0,164,165,205,245,285,325,284,244,204,243,203,202,201,241,242,282,281,321,320,400,361,362,322,363,323,283,324,364,365,366,326,286,246,206,166,126,125,124,123,122,121,161,162,163,83,0],[0,384,344,338,372,97,98,99,100,101,102,103,104,105,65,64,63,62,61,60,59,58,57,56,55,54,15,16,17,18,19,20,21,22,23,24,25,26,27,28,29,30,31,68,67,66,0],[0,377,337,297,257,258,218,217,216,256,255,295,335,375,376,336,296,174,173,213,253,293,333,373,374,334,294,254,214,215,175,176,177,178,138,137,136,135,134,133,132,93,94,95,96,0]],inf,28.852014303207397
6739807.5075659705,[[0,0,207,247,287,327,367,368,328,288,248,208,209,249,289,329,369,370,330,290,250,210,211,251,291,331,371,332,292,252,212,172,171,170,169,168,167,127,128,129,130,131,91,90,89,88,0],[0,273,313,353,394,193,192,191,190,231,311,351,352,312,272,232,233,234,194,195,155,154,153,152,151,150,149,109,108,107,110,111,112,113,114,115,116,117,76,77,75,74,73,72,71,70,69,0],[0,53,92,87,86,85,84,82,81,78,79,80,41,42,43,44,45,46,47,48,49,50,51,52,13,14,12,11,10,9,8,7,6,5,4,3,2,1,40,39,38,37,36,35,34,33,32,0],[0,399,187,186,185,226,225,265,305,345,385,346,306,266,267,227,228,229,230,270,271,310,350,390,391,389,349,309,269,268,308,348,388,387,386,347,307,189,188,148,147,146,145,106,0],[0,196,236,235,275,274,314,354,393,315,355,395,396,356,316,276,277,317,357,397,398,358,318,279,319,359,360,280,240,239,199,198,197,237,238,278,200,160,159,158,157,156,118,119,120,0],[0,392,144,143,183,184,224,223,222,221,262,263,264,304,303,343,383,382,342,302,301,341,381,380,340,300,260,261,220,219,259,299,339,379,378,298,179,180,181,182,142,141,140,139,0],[0,281,321,361,400,320,241,201,202,242,203,204,244,284,324,364,323,363,362,322,282,243,283,285,325,365,366,326,286,246,245,205,206,166,165,164,163,162,161,121,122,123,124,125,126,83,0],[0,372,338,344,384,98,97,99,100,101,102,103,104,105,65,66,67,68,30,31,29,27,26,25,24,23,22,21,20,19,18,17,16,15,54,55,56,57,58,59,60,61,62,63,64,28,0],[0,296,256,216,217,218,258,257,297,337,377,376,336,375,335,295,255,214,174,173,213,253,293,333,373,374,334,294,254,215,175,176,177,178,138,137,136,135,134,133,132,93,94,95,96,0]],inf,28.819688320159912
7250154.828335168,[[0,172,212,252,292,332,371,330,290,250,210,211,251,291,331,370,369,329,289,249,209,208,248,288,328,368,367,327,287,247,207,167,168,169,170,171,131,130,129,128,127,88,89,90,91,0],[0,195,194,193,233,234,273,313,353,394,352,351,311,312,272,231,232,192,191,190,149,150,151,152,153,154,155,117,116,115,114,113,112,111,110,109,108,107,69,70,71,72,73,74,75,76,77,0],[0,0,52,53,92,87,86,85,84,82,81,41,80,79,78,42,43,44,45,46,47,48,49,50,51,11,12,13,14,10,9,8,7,6,5,4,3,2,1,40,39,38,37,36,35,34,33,32,0],[0,0,399,348,388,389,349,309,269,229,230,270,310,350,390,391,271,189,148,147,146,145,185,225,265,305,345,385,386,387,347,307,267,266,306,346,308,268,228,227,226,186,187,188,106,0],[0,0,157,156,196,197,237,238,278,277,276,236,235,275,274,314,354,393,395,355,315,316,356,396,397,357,317,318,358,398,359,360,280,319,279,239,240,200,199,198,158,159,160,119,120,118,0],[0,0,392,342,382,381,341,301,340,300,260,259,299,339,379,380,378,298,220,219,179,180,181,182,183,143,144,184,224,223,263,303,343,383,304,264,262,302,261,221,222,142,141,140,139,0],[0,0,282,322,362,361,400,320,321,281,241,201,161,162,163,123,122,121,206,246,325,365,366,326,286,285,245,205,204,244,284,324,364,363,323,283,243,242,202,203,164,165,166,126,125,124,83,0],[0,372,338,97,98,99,100,101,102,103,104,105,65,66,67,68,28,29,30,31,27,26,25,24,23,22,21,20,19,18,17,16,15,54,55,56,57,58,59,60,61,62,63,64,384,344,0],[0,177,178,218,217,256,296,336,376,377,337,297,257,258,294,254,255,295,335,375,374,334,333,373,293,253,213,214,215,216,176,175,174,173,133,132,134,135,136,137,138,96,95,94,93,0]],inf,28.98370671272278
6712656.34076962,[[0,207,247,287,327,367,368,328,288,248,208,209,249,289,329,369,370,330,290,250,210,211,251,291,331,371,332,292,252,212,172,171,170,169,168,167,127,128,129,130,131,91,90,89,88,0],[0,232,231,311,351,352,312,272,273,313,353,394,233,193,154,153,152,151,150,149,190,191,192,234,194,195,155,117,116,115,114,113,112,111,110,109,108,107,69,70,71,72,73,74,75,76,77,0],[0,53,92,87,86,85,84,82,81,79,78,80,41,42,43,44,45,46,47,48,49,50,51,52,14,13,12,11,10,9,8,7,6,5,4,3,2,1,40,39,38,37,36,35,34,33,32,0],[0,0,399,310,350,390,391,271,270,269,309,349,389,388,348,308,268,228,227,226,225,265,305,345,385,386,346,306,266,267,307,347,387,229,230,189,188,187,186,185,145,146,147,148,106,0],[0,0,196,236,235,274,314,354,393,395,355,315,275,276,316,356,396,397,357,317,277,237,238,239,240,280,279,278,318,358,398,359,319,360,200,199,198,197,156,157,158,159,160,120,119,118,0],[0,392,184,183,182,181,180,179,220,219,259,299,339,379,378,298,260,300,340,380,381,341,301,261,221,222,223,263,262,302,342,382,383,343,303,304,264,224,144,143,142,141,140,139,0],[0,0,245,205,204,244,284,324,364,365,325,285,326,366,286,246,206,166,165,125,126,162,161,202,201,241,281,321,361,400,320,242,282,322,362,363,323,283,243,203,163,164,124,123,122,121,83,0],[0,384,344,372,338,100,63,62,61,60,59,58,57,56,55,54,98,97,99,101,102,103,104,105,66,65,64,27,29,28,30,31,67,68,26,25,24,23,22,21,20,19,18,17,16,15,0],[0,215,216,256,257,217,218,258,297,296,336,337,377,376,375,335,295,255,254,294,334,374,373,333,293,253,213,214,173,174,175,176,177,178,138,137,136,135,134,133,132,93,94,95,96,0]],inf,28.853803873062134
6808233.4367451845,[[0,0,252,292,332,331,371,291,251,212,211,210,250,290,330,370,369,329,289,249,209,208,207,247,287,327,367,368,328,288,248,167,168,169,170,171,172,131,130,129,128,127,88,89,90,91,0],[0,0,231,232,272,312,352,311,351,353,394,313,273,233,234,194,153,154,155,195,193,192,191,190,150,149,110,109,108,107,69,70,71,72,73,74,75,76,77,117,116,115,114,113,112,111,152,151,0],[0,92,87,86,85,84,82,81,79,78,80,41,42,43,44,45,46,47,48,49,50,51,52,53,12,13,14,11,10,9,8,7,6,5,4,3,2,1,40,39,38,37,36,35,34,33,32,0],[0,0,399,230,270,310,350,390,391,271,269,309,349,389,388,348,347,387,305,345,385,386,346,306,307,268,308,228,229,189,188,187,227,267,266,265,225,226,186,185,145,146,147,148,106,0],[0,318,358,398,397,357,317,277,276,316,356,396,395,355,315,275,314,354,393,274,235,236,237,238,278,279,319,359,360,280,240,239,199,200,160,159,158,157,156,196,197,198,118,119,120,0],[0,0,392,184,224,264,304,303,343,383,382,302,342,301,341,381,380,340,339,379,378,298,299,259,260,300,261,221,220,219,179,180,181,141,142,143,144,183,223,263,262,222,182,140,139,0],[0,121,161,201,241,281,320,400,361,321,322,362,282,242,202,203,243,283,323,363,364,324,284,244,204,205,245,285,325,365,366,326,286,246,206,165,166,126,125,124,123,122,162,163,164,83,0],[0,372,338,384,344,103,104,105,102,101,100,99,98,97,58,59,60,61,62,63,64,65,66,67,68,28,27,26,25,24,23,22,21,20,19,18,17,16,15,56,57,55,54,30,29,31,0],[0,296,256,216,217,257,258,297,337,377,376,336,375,335,295,255,215,214,254,294,334,374,373,333,293,253,213,173,174,175,176,177,178,218,137,138,136,135,134,133,132,93,94,95,96,0]],inf,28.94073987007141
6642553.269804659,[[0,208,248,288,289,249,209,210,211,212,252,292,332,331,371,370,330,290,291,251,250,329,369,328,368,367,327,287,247,207,167,168,169,170,171,172,131,130,129,128,127,88,89,90,91,0],[0,273,313,353,394,234,233,232,272,312,352,351,311,231,190,191,192,193,194,195,155,154,153,152,151,150,149,109,108,107,69,70,71,72,73,74,75,76,77,117,116,115,114,113,112,111,110,0],[0,52,53,92,87,86,85,84,82,81,80,78,79,41,42,43,44,45,46,47,48,49,50,51,12,13,14,10,11,9,8,7,6,5,4,3,2,1,40,39,38,37,36,35,34,33,32,0],[0,399,271,270,310,350,391,390,389,349,309,269,229,230,189,188,187,186,185,225,265,305,345,385,386,346,306,266,226,227,267,307,347,387,388,348,308,268,228,148,147,146,145,106,0],[0,393,395,396,356,316,276,277,237,238,239,199,198,197,196,236,235,275,274,314,354,355,315,317,357,397,398,358,318,278,279,319,359,360,280,240,200,160,159,158,157,156,118,119,120,0],[0,0,392,184,224,264,304,303,343,383,382,342,302,301,341,381,380,340,300,299,339,379,378,298,259,219,220,180,140,141,142,143,144,183,223,263,262,261,260,221,222,182,181,179,139,0],[0,205,245,204,203,202,201,241,281,321,361,400,320,242,282,322,362,363,323,283,243,244,284,324,364,365,325,285,286,326,366,246,206,166,165,164,163,162,161,121,122,123,124,125,126,83,0],[0,344,384,338,372,54,55,56,57,58,59,60,61,62,63,64,65,66,67,68,29,30,31,28,27,26,25,24,23,22,21,20,19,18,17,16,15,97,98,99,100,101,102,103,104,105,0],[0,253,293,333,373,374,334,294,254,335,375,336,376,377,337,297,257,258,218,217,216,256,296,295,255,215,214,213,173,174,175,176,177,178,138,137,136,135,134,133,132,93,94,95,96,0]],inf,28.884047746658325
