CMT8 RA KMEANS

energy,arcs,distance,time(ms)
109746.90421203719,[[0,11,19,49,64,63,90,32,70,10,62,88,31,0],[0,67,55,4,54,12,26,21,73,40,58,13,53,27,0],[0,36,17,84,5,99,93,85,91,61,16,44,43,94,0],[0,25,24,29,3,79,80,68,77,76,50,1,69,28,0],[0,86,14,100,37,98,42,87,97,95,92,59,96,6,0],[0,7,52,60,83,8,45,46,47,48,82,18,89,0],[0,38,15,57,2,41,22,74,75,56,39,23,72,0],[0,78,34,35,71,65,66,20,30,51,9,81,33,0]],inf,1.3469998836517334
107714.52093975653,[[0,70,88,62,11,19,49,64,63,90,32,10,31,0],[0,67,73,21,4,55,54,12,26,40,58,53,13,27,0],[0,36,17,84,5,61,91,16,44,43,85,93,99,94,0],[0,25,24,29,79,3,68,80,77,76,50,1,69,28,0],[0,92,37,98,100,86,14,42,87,97,95,59,96,6,0],[0,18,60,83,8,45,46,47,48,82,7,52,89,0],[0,38,15,57,2,74,22,41,75,23,39,56,72,0],[0,0,78,34,35,71,65,66,20,30,51,9,81,33,0]],inf,1.3309996128082275
111264.27135544963,[[0,64,49,19,11,63,90,32,10,62,88,31,70,0],[0,26,12,54,55,4,67,73,21,40,58,13,53,27,0],[0,36,17,84,5,99,93,85,91,61,16,44,43,94,0],[0,25,24,29,79,3,77,68,80,76,50,1,69,28,0],[0,86,14,42,87,97,95,92,37,98,100,59,96,6,0],[0,18,60,83,8,45,46,47,48,82,7,52,89,0],[0,38,15,57,2,41,22,74,75,56,39,23,72,0],[0,78,34,35,71,65,66,20,30,51,9,81,33,0]],inf,1.3519716262817383
110216.51412205401,[[0,88,62,11,19,49,64,63,90,32,10,70,31,0],[0,67,55,4,54,12,26,21,73,40,58,13,53,27,0],[0,36,17,84,5,99,93,85,91,61,16,44,43,94,0],[0,25,24,29,80,68,77,3,79,76,50,1,69,28,0],[0,42,14,86,100,37,98,92,97,87,95,59,96,6,0],[0,18,60,83,45,8,46,47,48,82,7,52,89,0],[0,38,2,57,15,41,22,74,75,56,39,23,72,0],[0,78,34,35,71,65,66,20,30,51,9,81,33,0]],inf,1.3260002136230469
109847.90386103455,[[0,64,49,19,11,63,90,32,10,62,88,31,70,0],[0,40,21,73,4,67,55,54,12,26,53,58,13,27,0],[0,0,36,17,84,5,85,91,16,61,44,43,93,99,94,0],[0,25,24,29,80,68,79,3,77,76,50,1,69,28,0],[0,86,14,42,87,97,95,92,37,98,100,59,96,6,0],[0,0,18,60,83,8,45,46,47,48,82,7,52,89,0],[0,38,15,57,2,41,22,75,56,39,23,74,72,0],[0,0,78,34,35,71,65,66,20,30,51,9,81,33,0]],inf,1.3379998207092285
110533.41057527889,[[0,64,49,19,11,63,90,32,70,10,62,88,31,0],[0,67,4,55,54,12,26,40,21,73,13,58,53,27,0],[0,36,5,84,17,61,16,44,43,85,93,99,91,94,0],[0,25,24,29,68,80,3,79,77,76,50,1,69,28,0],[0,86,14,87,42,100,37,98,92,97,95,59,96,6,0],[0,0,18,60,83,8,45,46,47,48,82,7,52,89,0],[0,38,15,57,2,41,22,74,75,56,39,23,72,0],[0,78,34,35,71,65,66,20,30,51,9,81,33,0]],inf,1.3590097427368164
109078.223035353,[[0,11,19,49,64,63,90,32,70,10,62,88,31,0],[0,67,55,4,54,12,26,21,73,40,58,53,13,27,0],[0,0,36,43,17,84,5,85,93,61,91,16,44,99,94,0],[0,25,24,29,80,68,3,79,77,76,50,1,69,28,0],[0,42,14,86,100,98,37,92,97,87,95,59,96,6,0],[0,0,52,60,83,8,45,46,47,48,7,82,18,89,0],[0,0,38,15,57,2,74,22,41,23,39,56,75,72,0],[0,78,34,35,71,65,66,20,30,51,9,81,33,0]],inf,1.3359990119934082
108946.1640633622,[[0,70,90,63,11,19,49,64,32,10,62,88,31,0],[0,67,55,4,12,54,21,73,13,58,40,26,53,27,0],[0,36,84,5,17,61,16,44,43,91,85,93,99,94,0],[0,25,24,29,80,68,77,3,79,76,50,1,69,28,0],[0,86,14,42,87,97,95,92,37,98,100,59,96,6,0],[0,18,60,83,8,45,46,47,48,82,7,52,89,0],[0,38,2,57,15,41,22,74,75,56,39,23,72,0],[0,0,78,34,35,71,65,66,20,30,51,9,81,33,0]],inf,1.3229999542236328
110679.49394003378,[[0,88,62,11,19,49,64,63,90,32,10,70,31,0],[0,67,4,55,54,12,26,73,21,40,58,13,53,27,0],[0,36,17,84,5,99,93,85,91,61,16,44,43,94,0],[0,25,24,29,79,68,80,77,3,76,50,1,69,28,0],[0,92,98,37,100,86,14,42,87,97,95,59,96,6,0],[0,0,18,60,83,8,45,46,47,48,82,7,52,89,0],[0,38,15,57,2,41,22,74,75,56,39,23,72,0],[0,78,34,35,71,65,66,20,30,51,9,81,33,0]],inf,1.3470005989074707
110087.8520598072,[[0,64,49,19,11,63,90,32,10,62,88,31,70,0],[0,54,55,67,4,21,73,13,58,40,53,26,12,27,0],[0,36,17,84,5,61,85,91,16,44,43,93,99,94,0],[0,25,24,29,80,68,3,79,77,76,50,1,69,28,0],[0,92,37,98,100,86,14,42,87,97,95,59,96,6,0],[0,18,60,83,8,45,46,47,48,82,7,52,89,0],[0,38,15,57,2,74,22,41,56,39,23,75,72,0],[0,0,78,34,35,71,65,66,20,30,51,9,81,33,0]],inf,1.3280081748962402
